200
100000 216997 120765 212953 265305 109339 100000 86925 38519 479226 266707 274532 413092 439681 396822 100000 100000 299324 440533 266971 358034 395867 466648 100000 213581 401596 1456 148313 48702 400748 413352 225997 347891 100000 29873 349593 345576 424041 85649 360556 100000 245569 73271 138006 100000 458051 207906 308852 100000 64735 100000 21224 179750 224544 100000 358077 429093 454723 100000 349152 230103 120873 100000 487414 38433 190490 114010 273035 15744 100000 12177 4860 429918 100000 488675 117295 177972 48412 100000 100000 100000 100000 230781 405105 418954 433250 150881 129766 289747 264221 75429 46389 305213 100000 237492 220373 133956 63591 72588 100076 100000 57649 45413 100000 494061 429788 70983 434972 437394 381396 54534 186233 414834 425801 100000 466751 221398 100000 206321 407745 453930 147878 373641 128800 307212 153555 293962 59330 326435 164492 213339 347140 100000 30759 423751 18812 499853 343230 210896 100000 281687 66916 229472 392894 233897 408330 100000 454624 454005 100000 332534 100000 215079 1799 100000 170283 193235 198636 217986 499509 126906 29743 228553 59012 100000 100000 254365 100000 93162 100000 211619 363250 28170 214772 71586 163664 100000 88524 100000 381959 297925 420944 259110 294412 411360 100000 316744 57350 240951 100000 100000 100000 305 156715 203195 100170 342673 50275 429125 100000 
216997 100000 191645 298072 100000 448892 115132 93349 293208 64049 83395 118958 72240 130608 90256 225726 464710 100000 153129 398664 56643 100000 100000 100000 212876 259055 450264 211824 407749 300952 326915 67007 301731 266843 100000 321433 410124 379143 100000 45604 273276 100000 153280 33873 432703 100000 152476 343685 89408 19268 100000 227550 279700 58249 486233 23170 100000 100000 346975 223767 422422 297413 100000 270812 430136 366200 163696 92004 100000 3112 66002 236574 100000 100000 144359 100000 354975 194363 28499 495480 100000 485806 466045 406700 100000 411771 441134 350475 100000 233749 100000 294027 282383 6144 100000 100000 214671 100000 204901 87684 359381 46424 100000 59644 394691 152379 150547 201810 84165 476725 100000 465653 68653 355140 100000 339299 100000 100000 152980 341044 155800 496645 258148 100000 132360 246919 316680 7074 369557 239214 151320 260249 406580 191598 210924 100000 254724 391626 143052 100000 86849 146950 319405 284873 212956 46070 144998 37575 445241 82937 457389 325826 100000 100000 100000 270089 276629 100000 216170 100000 413207 100000 183087 483178 100000 100000 113192 100000 292892 289594 455493 297369 99828 100000 100000 223340 448659 491003 384751 448836 100000 377789 201822 100000 233240 482918 100000 20231 236966 341049 100000 100000 285387 243553 149973 1373 100000 100000 100000 180396 
120765 191645 100000 434734 177683 252643 99266 123969 142599 158561 354289 100000 204685 51861 100000 193216 117860 100000 262133 100000 13762 280815 205064 352734 183217 100000 394373 100000 402001 356580 348142 351401 78143 446205 391075 13122 333642 100000 68022 100000 363950 257940 100000 70436 165878 452825 100000 58694 469195 330051 100000 482370 373454 100000 30490 79605 100000 112461 351271 406736 168894 356426 143904 317520 100000 116142 158152 419428 141659 106436 354003 100000 419180 391212 379059 416513 141677 154503 792 86745 100000 489427 265725 100000 84287 390588 122690 154789 393629 100000 350228 273793 54095 240939 319921 327667 322752 481422 98397 364525 79822 497833 100000 100000 198969 100000 100000 252905 240735 204050 327329 248107 100000 43220 225658 100000 418104 100000 257037 148109 100000 100000 100000 250019 163997 100000 73413 32135 100000 399245 128485 468373 100000 171069 42970 100000 322162 115661 100000 100000 100000 186570 160981 92552 100000 100000 401961 34647 293659 144413 107193 46935 13982 202352 372366 311461 79610 198624 100000 408527 198628 100000 157436 386174 396276 18603 96571 259705 266638 128865 36738 293970 100000 204497 100000 316156 225885 421558 163872 100000 100000 423542 448787 445113 87842 194783 311520 27913 50319 365344 100000 30000 235490 76511 97622 100000 152912 125848 355620 100000 
212953 298072 434734 100000 100000 159852 271051 224952 239225 100000 26109 100000 100321 292993 100000 100000 122111 272927 176932 88032 100000 148012 100000 31965 169296 184192 98852 100000 100000 481466 440696 146517 416246 100000 80724 101554 100000 100000 432231 100000 162525 163581 100000 231391 264064 100000 416085 45188 376799 100000 359664 154514 122659 497330 65076 36346 100000 100000 100000 100000 188391 170427 234017 189369 353680 385849 100000 187692 324521 203545 408598 443658 100000 336792 467077 88937 123124 423248 155542 116366 57592 100000 378191 259011 465463 222810 204862 305400 102695 35973 288188 16540 100000 181889 431978 177231 64385 100000 100000 440412 266703 155369 258098 100000 272273 100000 356902 384528 328940 61480 275104 243714 491163 146415 493444 324715 100000 155315 132592 78994 77021 100000 100000 100000 475667 228032 172218 486594 444592 224985 100000 139430 100000 100000 266093 87899 19168 425363 366682 98916 474319 100000 250949 423273 275119 226253 104978 375523 318479 210387 421302 68468 484568 237121 26078 100000 252555 220691 247223 45334 100000 410569 100000 481645 386954 100000 100000 15727 426298 42127 100000 100000 36842 4291 472788 129734 100000 103831 134547 100000 100000 452428 245172 231519 298374 100000 36714 228799 428015 287057 4389 124551 303287 100000 115186 353070 226819 272174 2529 112072 
265305 100000 177683 100000 100000 294269 101225 179877 354832 214041 145729 280779 363516 344289 166864 333125 100000 100000 43207 218992 361701 16346 34393 183985 56373 359859 100000 347752 346119 100000 100000 246690 100000 485650 100000 182675 100000 327453 279205 100000 100000 117447 52412 100000 412455 422124 448835 307489 175926 482877 136175 388368 100000 100000 482216 275382 100000 425231 297689 219579 100000 323781 100000 238693 100000 100000 307227 100000 77729 132932 118917 100000 318958 183344 363827 253991 82609 482231 196619 171253 467446 100000 100000 100000 420616 140952 444457 14318 184203 100000 85368 479420 26232 100000 428088 260965 191668 113984 26770 100000 100000 38763 340030 100000 326517 100000 33942 276284 434197 53544 338960 435339 134241 35568 100000 351427 100000 450542 232495 51190 100000 497415 201063 441182 449957 65993 230310 6599 275201 496619 100000 363020 100000 100000 100000 239550 466732 182360 259796 100000 241670 381132 100000 246002 203899 352125 100000 100000 100000 100000 170918 365553 285071 100000 228049 9355 136067 416880 6838 28765 81323 16174 206598 50661 220437 100000 175831 178921 247312 436479 100000 342580 215087 131160 404045 211975 37117 283867 100000 489478 100000 163521 142934 165823 265849 100000 100000 323559 100000 100000 100000 248423 65227 237329 100000 100000 72181 190966 492685 83557 
109339 448892 252643 159852 294269 100000 100000 253047 6416 228755 274289 138770 431572 100000 213946 68650 92304 100000 317405 100000 100000 484741 452506 370943 100000 255177 341689 223687 46672 55715 206099 457358 332694 100000 366078 496994 17675 127145 100000 435669 100000 100000 37659 304084 100000 305301 275837 66611 81560 100000 191008 87272 45330 66855 497103 398555 308863 390810 100000 219758 394233 100000 74375 413505 100000 133278 307008 41463 100000 100000 100000 329497 100000 198428 100000 102796 47136 483121 100000 100000 435508 285868 107361 307127 316261 129801 440344 100000 349064 100000 316632 330526 204134 188718 385185 128871 100000 53039 100000 15377 226225 122143 220487 154125 245281 118158 480104 338636 208603 399349 390856 304514 461147 300755 100000 348702 470398 298913 38008 100000 299264 2307 137588 392688 100000 21533 198964 391285 46570 145155 228201 53709 354831 438096 51229 482883 214611 419755 273545 438192 100000 185175 420461 100000 100000 33864 100000 100000 81859 310710 482165 310828 360770 100000 100000 249256 100000 134474 100000 483837 100000 192295 94055 309796 193477 426208 219835 436326 167216 100000 308391 27580 340904 384197 385657 128293 121873 149082 250259 450089 491961 459104 100000 100000 243278 100000 127582 251677 318351 247827 204223 100000 100000 418901 458040 108220 383783 184048 328399 75804 
100000 115132 99266 271051 101225 100000 100000 22564 389932 318695 414908 466504 147279 365898 97546 100000 100000 431445 111094 489928 314985 423774 3602 100000 79302 100000 100000 236626 155654 100000 100000 100000 100000 183037 391800 100000 131548 44879 397564 221499 31510 238317 100000 100000 352018 100000 450170 191248 4076 331189 100000 65136 100000 325791 100000 100000 20633 471084 361280 222693 100000 246050 129462 469883 70123 100000 286896 482917 402879 253679 100000 81825 100000 177642 236501 100000 383028 95058 36175 2009 168002 360762 80076 221089 335117 314332 34883 296159 7349 381541 340584 311663 430703 308200 11823 134691 100000 237057 271526 401426 444285 197422 234348 100000 177420 100000 448595 246284 100000 100000 177736 100000 237929 225630 84266 491349 100000 467713 347523 323187 100000 100000 318383 36443 401841 129554 160952 100000 100000 59263 499213 100000 82582 375690 476712 436518 100000 433373 100000 50461 112300 100000 6086 465700 100000 7954 380954 100000 157593 326647 416803 145161 100000 482921 100000 100000 100000 142601 427071 422596 100000 61028 76692 190405 424846 55381 23095 100000 100000 354151 488397 345807 487316 191299 203900 387473 451055 100000 224803 100000 100000 404254 352115 407011 214567 100000 100000 100000 225553 393588 100000 47224 276044 100000 13370 6447 100000 493696 39575 100000 
86925 93349 123969 224952 179877 253047 22564 100000 365848 251409 132756 213927 57606 100000 180975 345968 350541 100000 322409 100000 237538 100000 82700 385881 100000 100000 426689 97148 100000 100000 443536 100000 364917 378893 100000 303578 100000 446483 178205 147868 106245 344868 100000 100000 6301 103780 203390 122248 446227 336321 398995 100000 100000 47154 100000 203469 431436 157687 78631 301129 394725 100000 239895 322229 100000 135136 100000 100000 65552 407958 75800 278919 221417 315371 437443 161302 451270 152594 224670 59325 210953 62416 213542 100000 413125 104448 418426 100000 314872 372984 240872 72330 243847 165371 442236 296180 100000 409322 427136 454879 76759 223485 406586 17267 211696 100000 489308 483031 293938 100000 39796 100000 3902 405890 129508 198011 219576 410638 100000 15397 100000 219811 104866 223259 100000 355160 425733 156339 78764 10771 100000 277866 3784 398326 67770 229347 100000 100000 284397 215209 100000 100000 100000 455690 333100 100000 412609 435243 100000 100000 49805 164536 469867 210095 229401 100000 409126 215253 117552 181193 100000 302554 100000 420162 443946 152619 239688 300841 14556 260017 220838 63570 456729 78640 152002 78000 100000 145480 84313 226364 100000 432799 100000 392081 354775 197284 51609 100000 100000 35758 386947 100000 100000 183514 321339 290971 100000 100000 280147 100000 
38519 293208 142599 239225 354832 6416 389932 365848 100000 301411 185034 2806 205002 419463 22056 385415 311170 100000 215797 113498 100000 316076 339912 62164 55324 100000 457397 100000 402170 100000 397569 351802 100000 100000 100000 417262 47630 367872 297118 348945 246414 323062 260195 100000 208046 113390 14238 399706 307742 342430 121832 474036 428133 336475 100000 284121 54143 26971 306958 100000 197351 283599 264105 100000 358302 366079 423371 100000 100000 431792 398429 295194 100000 49917 26004 273811 335142 136526 434346 100000 146750 239065 100000 84883 70492 302645 58628 214824 377610 322546 361521 100000 100000 248013 227923 340480 21368 88949 305140 265104 148723 420364 34413 248361 482616 75162 100000 60776 40129 100000 100000 215247 370588 142130 495746 100000 87446 274859 216206 100000 100000 256410 100000 181403 100000 353738 100000 298738 367529 100000 100000 245448 469137 349150 93988 65208 411352 67910 452554 327935 101610 336064 2427 495894 119268 255162 22308 424 100000 4185 19699 271357 56275 387528 100000 179562 235839 100000 100000 100000 100000 170643 278914 71828 458756 100000 468126 17392 24158 100000 316907 130584 160807 209995 495672 296226 35167 67605 299301 326315 100000 100000 326294 197417 487988 32549 46623 241231 152471 100000 100000 242291 61702 414238 100000 100000 295669 100000 192796 45756 
479226 64049 158561 100000 214041 228755 318695 251409 301411 100000 272176 335786 312176 237159 169752 166751 41 100000 260370 439018 100000 83872 431485 363818 218995 323562 157127 306807 100000 45861 270512 247300 62226 391438 44608 100000 28755 184852 100000 467883 121961 100000 100000 278872 478137 100000 94176 256425 53829 95189 100000 100000 78164 100000 467364 151237 100000 100000 409307 141546 100000 420438 97222 333076 100000 389093 32442 272999 358727 291652 70217 100000 473198 73573 195044 138757 155627 399259 100000 208039 100000 100000 100000 100000 110207 263034 189337 343867 173068 166822 365639 371876 100000 100000 356547 100000 89824 260503 236474 449761 246597 100000 30330 275203 216728 100000 100000 127398 491857 100000 20283 100000 345259 100000 100000 353282 123359 142904 375309 40481 100000 100000 45423 263095 100000 398743 100000 454012 356233 497163 100000 259266 78866 93620 363630 252226 365456 409124 375227 192 100000 343873 100000 465122 425125 470765 483089 100000 300556 100000 92949 497450 157700 181309 435042 449182 129344 301565 18553 300789 471848 107915 336751 119589 452937 456518 486587 470393 109571 166060 100000 100000 220596 71362 370467 460535 56059 2776 126807 119209 463665 270519 77284 460228 327889 100000 100000 250047 305104 247443 78003 100000 100000 100000 323703 407726 200242 230139 23728 305422 
266707 83395 354289 26109 145729 274289 414908 132756 185034 272176 100000 100000 496092 100000 259794 364599 429257 100000 100000 481222 100000 229255 174925 100000 249054 482064 100000 484201 431669 87316 286073 175782 100000 184082 100000 474741 383602 187390 281002 100000 124811 449286 100000 480941 453356 506 177015 77871 247003 309294 351492 305960 100000 100000 402510 100000 100000 100000 5919 322630 323862 235909 100000 100000 56819 499490 221847 269016 7876 155971 368481 116365 246426 37743 100000 349039 225987 447203 100000 377010 214236 16448 375179 145566 100000 248445 85865 350488 34511 100000 2097 100000 477778 121345 53144 45646 276521 35905 100000 100000 100000 100000 401786 258485 801 437514 100000 100000 216555 482179 350660 472052 249822 100000 100000 416237 206614 359045 411934 370449 46237 100000 100000 337980 7978 147785 307888 100000 117647 417287 73222 171024 115033 202215 248461 453738 248933 88354 100000 368922 321588 33745 320710 255569 100000 21315 494881 498412 151818 306109 475510 100000 243843 430638 304730 107235 30781 100000 55932 100000 87999 173300 457679 100000 100000 7340 134269 464337 100000 131377 365304 325351 417797 103848 464791 362456 163314 100000 100000 65700 261660 100000 18401 100000 318713 100000 357501 374668 437760 100000 387032 56216 248993 100000 169225 172595 30380 439128 219190 430862 
274532 118958 100000 100000 280779 138770 466504 213927 2806 335786 100000 100000 348767 267516 100000 456559 100000 100000 482285 233737 25461 327229 100000 215610 450204 100000 442870 413486 100000 339474 100000 100000 100000 9020 401315 47879 269640 324172 448120 121633 100000 430081 100000 137643 50205 100000 429282 462783 100000 193497 486219 100000 186794 396128 57086 460462 455535 447584 376835 394219 100000 488095 310838 384628 100000 219296 471331 100000 100000 279570 318421 256774 312380 271401 488291 286101 396179 100000 82655 100000 476956 100000 100000 329839 100000 79159 170717 434353 238839 100000 100000 106199 100000 269871 399851 211810 337762 16624 60516 40452 100000 455369 223668 450175 80744 85465 100000 100000 79074 456280 383273 23168 100000 91102 90484 473291 387787 385224 100000 211858 83455 401398 91690 475992 437211 100000 396494 100000 169049 459852 334834 109502 226885 79214 154783 165707 65103 388828 26868 100000 100000 286786 100000 241792 447292 1809 326593 414460 423932 141813 102700 100000 58519 302278 106867 304424 97607 100000 385795 100000 89468 100000 119271 198657 100000 100000 173538 100000 100000 93684 443424 30045 124621 100000 121340 446662 100000 127354 100000 100000 442524 100000 222030 100000 236881 424109 100000 100000 100000 417932 19204 453505 396499 100000 228089 407277 197204 415332 100000 100000 
413092 72240 204685 100321 363516 431572 147279 57606 205002 312176 496092 348767 100000 264402 271225 100000 100000 227215 41216 197107 369102 212795 191045 182528 100000 186375 478576 100000 423274 493816 82459 298718 100000 147850 206716 219577 100000 15796 100000 100000 100000 100000 107411 100000 232176 434250 40842 9363 100000 374906 123442 213695 100000 194100 100000 53926 141422 100000 227678 451723 251574 100000 146844 100000 15525 424735 89759 100000 252791 252564 202465 41390 146809 100000 227011 343348 100000 100000 347814 468570 100000 377024 100000 82130 67258 294623 374534 345301 100000 406663 351230 100000 193347 100000 100000 399242 350602 196288 455896 100000 420783 100000 329168 472206 100000 296050 264525 289390 100000 499231 128451 298370 100000 485209 162293 350887 412778 144428 100000 373373 135110 192425 230518 100000 143703 143143 450394 110741 100000 100000 186014 330565 279804 100000 100000 292807 362971 284868 50454 73972 249136 449201 100000 149794 428881 463208 100000 100000 362697 355086 37919 61221 253418 45867 100000 132877 371169 100000 125994 268311 100000 408268 504 356334 295971 242851 62216 96279 174564 263681 379574 100000 394090 271453 63527 412004 285189 57695 100000 153507 77495 324672 259047 100000 241932 308507 100000 408794 212729 100000 11993 363848 7872 150490 8659 93156 57902 155265 100000 272074 
439681 130608 51861 292993 344289 100000 365898 100000 419463 237159 100000 267516 264402 100000 100000 100000 378341 100000 466038 297977 306886 280274 375629 184571 243122 465246 400600 358605 35721 477387 143615 63967 100000 131878 320064 409727 66841 160537 226486 261817 452810 278877 263140 313153 361790 100000 335865 98954 494992 100000 249013 100000 127313 88612 186577 185910 251178 100000 100000 247002 466745 100000 233010 469515 397353 462451 332575 30474 341915 100000 475677 141412 245863 100000 100000 399483 174260 126015 81697 171186 100000 100000 299232 100000 183461 42132 34474 100000 85802 41319 60903 26071 100000 479415 268294 100000 393466 100000 37626 100000 100000 16664 246337 421669 443217 425436 35249 100000 206355 100000 100000 356845 230882 56315 100000 181367 316580 100000 477060 100000 94244 311963 236107 100000 100000 390346 100000 390649 100000 284316 333869 466079 384704 100000 12856 61452 141739 37209 100000 244139 58818 85148 400830 100000 432849 100000 347872 195983 256449 190506 100000 320944 100000 454915 443708 13096 289815 176440 110849 184160 100000 388347 309015 100000 100000 260924 401925 219809 331583 121768 305543 100000 100000 495749 441956 291183 109470 492157 87472 100000 191059 297588 75517 410563 299166 20916 100000 41705 100000 377079 318346 100000 327949 305742 285707 82075 487469 143339 100000 419070 
396822 90256 100000 100000 166864 213946 97546 180975 22056 169752 259794 100000 271225 100000 100000 341564 100000 122032 23820 252002 13749 100000 275558 100000 432400 92517 100000 235510 100000 359463 497915 395767 100000 298387 100000 305085 273818 161847 373388 467430 67088 100000 373739 329417 304018 498886 102372 125171 302753 100000 100000 100000 100000 100000 27475 120182 370069 126157 113035 104123 273067 247535 100000 281025 287958 491141 409598 301578 100000 388847 462485 350231 101403 119447 100000 171961 423112 100000 125313 111426 100000 440628 32849 195888 100000 100000 278946 36473 100000 428089 119848 226116 237056 468119 269620 469524 64567 259233 251383 180623 100000 180190 292138 100000 100000 100000 48740 21712 436062 100000 101949 100000 100000 246180 100000 93424 353830 100000 100000 173500 190514 319448 325923 407309 486773 100000 457872 207988 386318 100000 114744 216362 184969 229120 244498 58227 201921 61730 142304 90192 16776 103786 148932 100000 100000 238295 100000 100000 362215 312508 306610 435081 461128 100000 103466 452192 400924 100000 100000 100000 68860 487182 141471 33463 465615 140249 274669 93404 488295 382905 80015 100000 491118 62936 14963 348732 189346 30255 459000 100000 462717 114187 70669 38654 100000 281936 211903 432821 100000 276355 167840 100000 494307 344540 100000 148824 455642 390179 100000 100000 
100000 225726 193216 100000 333125 68650 100000 345968 385415 166751 364599 456559 100000 100000 341564 100000 421481 357449 100000 20310 399660 83547 453119 219342 100000 100000 146998 100000 124131 100000 493169 170671 100000 182766 63183 46049 413044 381586 418812 114397 119855 192714 100000 100000 220719 184548 100000 139354 164838 234039 39461 239842 163066 262639 487194 100000 19653 286669 219881 429517 29931 368300 466764 461716 458698 250803 181413 126180 288192 139095 274707 100000 31911 100000 212807 442399 96954 420133 56493 371041 402841 100000 12057 207545 170873 100000 100000 100000 308918 18440 105396 413620 355505 207215 396881 7504 100000 100000 463546 54222 199072 280960 225478 354377 399732 100000 498901 483485 43078 1587 100000 408008 100000 112482 196407 100000 117545 311911 71352 100000 100000 351106 499163 82664 220340 224762 257507 373090 100000 393368 87630 97079 478595 465671 489978 100000 496255 392399 100000 365516 100000 12510 100000 322233 120414 28316 350081 82107 100000 91179 100000 495818 187095 165605 292217 365100 100000 46234 156161 72518 351524 10119 243156 100000 100000 100000 289970 90636 286040 364278 266845 100000 100000 410567 350791 100000 2814 212602 468603 100000 293205 488891 314892 480472 387175 423080 100000 472339 25333 178309 100000 19897 330437 100000 100000 95665 200564 198995 52908 100000 
100000 464710 117860 122111 100000 92304 100000 350541 311170 41 429257 100000 100000 378341 100000 421481 100000 316874 161216 100000 224329 453918 255685 96672 277584 132594 335508 100000 100000 100000 430033 290263 78876 55857 100000 170523 474766 100000 100000 144195 191178 103526 454631 122838 129351 99418 100000 397587 376567 364735 68569 100000 100000 429607 100000 327248 54490 100000 100000 100000 200740 195747 356741 192280 50851 69274 424785 100000 100000 100000 338181 371643 269492 337598 369560 110472 15638 100000 15177 497066 300060 281372 230788 71219 79290 100000 57125 242690 100000 463362 100000 270279 100000 115558 100000 367527 367504 100000 267442 334008 308670 294537 405746 361822 459131 315987 63457 255101 14449 44333 100000 301703 185447 395807 207921 234112 100000 420680 100000 100000 100000 335387 124473 406327 439391 100000 221214 309299 357174 14929 307216 53309 310837 385229 87303 100000 229389 100000 461933 433714 135660 317580 100000 23839 132415 227614 238229 426153 100000 355172 156356 100000 446638 211362 263864 79557 89354 100000 364686 394369 21308 100000 149533 100000 100000 485936 194478 495327 404927 100000 100000 42856 100000 247315 383738 202472 100000 414023 96624 87722 444006 452288 48404 444158 100000 102356 493306 100000 449767 114865 100000 100000 347950 100000 353808 302063 325720 378608 47294 61440 
299324 100000 100000 272927 100000 100000 431445 100000 100000 100000 100000 100000 227215 100000 122032 357449 316874 100000 13022 100000 217517 186274 424869 480027 491765 451583 389390 61246 423791 382665 196953 100000 432031 60732 254306 211046 100000 52477 272598 26449 316809 100000 476134 347232 100000 182837 100000 381758 100000 152361 200306 351830 73804 100000 100000 100000 118580 405168 308886 100000 100000 241479 100000 114605 305298 245352 2616 100000 100000 100000 100000 284765 50721 100000 479236 396044 18085 301566 39509 43572 17876 308871 149920 489170 480284 77360 464152 107878 52967 100000 300184 71497 358832 49352 471275 464661 236845 92197 100000 100000 64108 41972 225401 293090 294210 323529 304719 100000 399291 469656 140024 100000 210160 100000 100000 58968 193920 495793 390727 419641 474517 435294 288404 245488 194107 368188 172138 100000 100000 383396 143492 23539 389840 284725 399098 202262 171388 450220 67411 100000 100000 100000 258952 77572 148026 100000 100000 220560 100000 132690 459117 197205 100000 100000 117800 29870 163643 268300 100000 183265 100000 286765 320090 130818 132036 207697 182180 100000 368485 499049 26925 358228 238856 12391 107701 21397 482680 235085 100000 213903 24169 270790 281713 375060 391532 100000 100000 146460 272920 298397 278396 100000 100000 292941 409983 351127 100000 155177 101786 435071 
440533 153129 262133 176932 43207 317405 111094 322409 215797 260370 100000 482285 41216 466038 23820 100000 161216 13022 100000 194468 401243 174241 19968 100000 298257 6113 100000 251541 100000 221093 132745 55425 126458 78427 464309 100000 100000 388256 100000 100000 45009 86175 172686 255143 100000 60830 456402 100000 107637 100000 29246 6360 45741 100000 293723 209987 407298 45910 229312 89021 164776 309777 288396 171077 392866 415852 442103 261834 382558 82572 66171 100000 100000 191143 333292 219028 100000 100000 423632 379634 100000 429782 100000 100000 100000 378527 100000 100000 100000 36303 198058 471466 280702 100000 363353 424224 451401 29791 100000 436310 372516 100000 84198 124912 100000 292908 100000 100000 13242 100000 129784 412340 484805 100000 303580 28225 189071 100000 336424 407402 156389 11920 448958 374583 100000 149098 32496 80698 255188 263436 375133 100000 172390 436782 100000 100000 332021 256583 458134 177708 266830 170890 100000 33715 252765 100000 476957 100000 100000 430101 226261 454799 100000 33916 100000 100000 178050 365428 351447 234652 100000 84679 160187 368032 371320 43803 438900 118458 486037 523 100000 298335 106341 100000 160286 74612 20713 100000 228006 100000 71589 59979 100000 100000 431726 321438 125610 473951 100000 265578 83735 331821 324109 215440 271223 454859 218873 100000 474262 5940 
266971 398664 100000 88032 218992 100000 489928 100000 113498 439018 481222 233737 197107 297977 252002 20310 100000 100000 194468 100000 100000 336389 360471 91470 200456 410360 162446 100000 229274 100000 356308 8126 136160 37354 100000 444469 36160 431759 100000 438443 288165 21701 116605 308810 425580 237869 67866 415243 320788 100000 466112 44742 77140 494664 199290 267947 406894 60693 419878 75021 213929 385267 419812 100000 116077 100000 100000 100000 117211 100000 100000 100000 393038 273540 100000 33521 398562 418194 170885 100000 43105 100000 23171 199639 218966 100000 340093 429094 69225 336521 209281 294634 100000 374987 357523 89928 309972 453749 221168 57583 18136 350052 372355 100000 100000 410912 241105 100000 100000 100000 388676 100000 18662 261115 100000 41204 73668 100000 100000 145535 17368 185383 316495 245662 169595 174022 317891 30334 402378 70264 232793 29013 426450 100000 411813 462086 24398 467177 419667 341474 261216 356734 309712 100000 404203 44760 354738 380371 218739 192788 57305 241820 402339 385766 328485 100000 176992 300166 100000 42486 70082 100000 378575 160390 236586 128257 100000 218741 495584 377280 411856 229055 299234 340652 402240 100000 466766 198747 196979 406524 100000 368730 100000 100000 323897 27774 23135 100000 158006 100000 100000 297204 404299 100000 100000 358582 240100 340375 335598 54117 
358034 56643 13762 100000 361701 100000 314985 237538 100000 100000 100000 25461 369102 306886 13749 399660 224329 217517 401243 100000 100000 381157 463394 468326 445519 100000 314020 100000 10384 393308 282761 100000 100000 100000 345156 449748 447236 67807 390054 100000 336093 29844 100000 72519 394287 471098 456413 257854 100000 284364 199562 406361 143481 100000 412642 199769 94336 353820 202531 695 43984 456139 388075 100000 100000 492056 420225 100000 91311 12127 208341 233210 136639 100000 81986 100000 100000 42738 311872 303686 357900 256155 181229 306637 299267 432147 289963 344604 339719 102656 416455 1317 317852 486340 100000 100000 477950 100000 100000 100000 225367 481066 378117 296998 195027 453837 465249 278070 155816 373661 230218 100000 100000 100000 43441 257393 148944 255979 432024 324548 230856 309123 314982 5909 32272 100000 103645 384068 76834 100000 172207 100000 100000 113784 232756 54057 15383 94756 100000 446895 419384 114409 100000 432691 130663 90911 244592 100000 384663 261509 188997 393432 183989 100000 493754 100000 11922 256309 36877 224179 359448 498617 119551 100000 178669 185634 100000 23342 100000 138581 170610 455830 324044 285793 415060 206243 280741 435347 129870 307437 157148 462649 100000 52209 312254 276185 100000 87805 100000 76485 100000 100000 100000 96524 269355 33552 100000 461939 303140 408099 
395867 100000 280815 148012 16346 484741 423774 100000 316076 83872 229255 327229 212795 280274 100000 83547 453918 186274 174241 336389 381157 100000 126743 91126 285683 148652 125915 233206 448072 423252 135545 100000 311739 395511 442389 379469 40370 312770 444838 255232 140055 412167 189475 272243 378762 301272 293006 15774 64331 36218 159612 229698 4929 100000 454080 100000 152027 229798 112244 110191 120236 130135 180792 100000 174525 232276 19389 100000 100000 437117 100000 52534 114250 100000 452691 100000 394437 248618 426494 374500 402556 127260 450827 393117 416949 404890 129221 474799 289301 100000 110287 424069 277005 190427 22589 292114 469816 356839 100000 377753 100000 432521 434814 30894 408889 413342 100000 200107 331228 100000 487271 324071 100000 478584 100000 151963 100000 88087 271150 100000 482689 386869 418148 100000 102737 391014 100000 106170 100000 96766 24614 321619 419311 474310 22005 349294 139816 154590 100000 299436 408555 479227 356931 100000 100000 100000 79637 426838 100000 15675 495344 327802 87057 100000 182999 42679 100000 390453 291106 100000 100000 133430 83951 69705 326228 162142 317251 312819 444520 100000 393752 1565 302078 33492 258654 100000 100000 84999 119868 435847 398305 200757 100000 430975 100000 293753 297391 480113 100000 100000 13384 350829 251225 125603 217056 100000 163429 113044 408698 388651 
466648 100000 205064 100000 34393 452506 3602 82700 339912 431485 174925 100000 191045 375629 275558 453119 255685 424869 19968 360471 463394 126743 100000 270939 144425 47941 333550 154613 450831 100000 100000 253251 323333 149296 488266 174156 358365 29193 100000 100000 100000 100000 189490 158445 100000 42532 397672 357623 436339 22213 105232 341088 414183 105785 404171 100000 436869 100000 361799 91716 325973 441634 21899 27141 422762 13349 202156 387824 175247 499008 313752 100000 418173 309450 5844 481808 348965 338741 234451 100000 100000 100000 100000 31080 445271 366646 252298 100000 100000 142787 100000 100000 100000 100000 182875 100000 100000 214230 9444 100000 91626 173990 250073 6173 167448 185581 395045 100000 100000 100000 473223 196364 238348 473398 445309 371973 100000 192938 100000 100000 13482 454647 375354 337495 100000 484536 359996 100000 100000 474782 467984 115113 100000 408634 158725 97932 166901 468253 100000 16029 36905 254718 187725 469200 294706 100000 9886 100000 255716 18303 456339 35437 268501 100000 440780 100000 100000 426493 431769 482158 45462 326425 272468 218650 100000 408303 383655 476905 168576 205781 299061 117167 197005 100000 62575 154061 411767 366317 100000 414842 467567 108218 445463 203399 75003 239660 100000 100000 320129 100000 330845 400488 243502 245658 100000 423759 322957 144518 72320 100000 
100000 100000 352734 31965 183985 370943 100000 385881 62164 363818 100000 215610 182528 184571 100000 219342 96672 480027 100000 91470 468326 91126 270939 100000 153829 177224 147767 115928 137848 324088 300452 498270 126960 58379 100000 278971 227018 100000 2931 100000 452540 261858 144401 182949 115451 354153 100000 100000 427055 100000 100000 400843 100000 100000 100000 335301 81337 447100 100000 85266 322367 269997 285375 100000 133106 100000 280713 451248 19935 189933 7617 100000 498430 100000 217897 54947 67495 467089 314719 306441 100000 100973 100000 100000 75283 100000 113621 100000 16980 100000 56096 419969 432138 498061 100000 185412 100000 339479 179244 233786 37025 295525 100000 100000 100000 81611 143220 416003 131161 397261 260723 90667 69131 100000 52531 300135 403030 363388 100000 60853 22491 72463 100000 362531 10104 100000 10177 100000 100000 5331 146676 100000 369118 454169 192475 454826 100000 100000 282837 479035 100000 100000 84862 460996 71350 281240 100000 454938 100000 275851 100000 484213 400687 450180 231012 202635 100000 127235 49763 348321 444115 210658 418447 100000 99785 363149 60963 187014 218058 496950 100000 26653 311855 100000 63875 969 100000 100000 100000 100000 412810 315553 301406 100000 407640 482523 371499 115953 241408 237827 328018 40966 270578 294894 110714 7008 410322 499503 421253 100000 
213581 212876 183217 169296 56373 100000 79302 100000 55324 218995 249054 450204 100000 243122 432400 100000 277584 491765 298257 200456 445519 285683 144425 153829 100000 451063 100000 363050 188067 253275 365223 221373 100000 100000 446523 66471 372974 359099 301428 331153 100000 61052 100000 81895 77147 383078 182786 385983 320567 408090 176457 99937 100000 270799 375063 100000 100000 335311 183803 366568 422080 200582 255178 34166 100000 100000 184422 431279 117633 174885 448285 96013 96399 391879 189209 81393 100000 364558 250598 36397 414556 335394 399274 100000 461382 404678 308045 100000 100000 100000 100000 100000 476018 100000 100000 414144 100000 100000 5495 204099 498190 452115 100000 310840 335078 160545 100000 152172 408632 100000 29871 424239 366362 100000 387657 190765 223771 158452 100000 190473 311640 100000 34801 62787 489810 35833 24764 100000 100000 50322 145677 359990 100000 440847 311499 296071 285696 390449 355305 496590 244675 349856 402471 486101 257749 264441 268381 365570 329061 71421 22144 263297 485126 44162 100000 196650 100000 473028 194603 100000 100000 491918 237666 205992 100000 100000 49994 448970 472682 351143 480595 18197 240480 433190 14499 13398 384970 100000 100000 100000 1748 65201 100000 329344 331982 124839 291835 190381 307929 294450 100000 173376 208893 88421 370134 100000 346133 100000 191873 376319 
401596 259055 100000 184192 359859 255177 100000 100000 100000 323562 482064 100000 186375 465246 92517 100000 132594 451583 6113 410360 100000 148652 47941 177224 451063 100000 145016 222566 487592 166805 316519 100000 238730 29259 100000 236258 482791 152764 151976 458831 312271 431594 359727 400479 461334 369804 493773 164407 100000 374677 489529 100000 477302 150157 100000 100000 100000 424553 191677 383803 100000 100000 100000 373416 472004 54018 100000 427353 266161 315216 121680 352262 24771 265622 110359 247907 123893 484751 472580 25498 299141 100000 267338 100000 113568 100000 21790 302355 445132 261711 326520 100000 202408 100000 86989 170748 230095 273851 174892 8275 27762 446704 100000 461226 487007 88952 218392 259474 98 100000 100000 100000 499581 346927 62012 100000 315732 100000 362941 392142 165331 31578 224489 447905 284837 100000 100000 63218 465454 430005 251803 100000 100000 345550 332773 88661 100000 1158 92434 90425 100000 287320 249702 236053 170526 319467 359478 100000 79453 73656 484311 100000 276482 161566 188303 316640 100000 100000 155549 100000 23084 424779 421670 309090 100000 362550 175156 217050 370712 312857 236179 17952 226092 105561 194092 359871 100000 433820 100000 139085 221087 158948 252603 100000 295743 67027 100000 219803 100000 100000 100000 318398 106153 209913 100000 100000 69669 417175 199507 484174 
1456 450264 394373 98852 100000 341689 100000 426689 457397 157127 100000 442870 478576 400600 100000 146998 335508 389390 100000 162446 314020 125915 333550 147767 100000 145016 100000 333478 99124 47693 188014 422921 100000 194848 316988 434006 381605 448905 429800 100000 363672 424342 31414 74616 167891 496427 362601 100000 21585 410769 397625 100000 262940 281879 359794 100000 36181 162772 100000 191065 100000 51255 100000 100000 399173 100000 278988 233504 131454 370148 273239 100000 134738 14147 5118 191546 100000 100000 100000 158966 486434 490750 155220 100000 116394 410048 472497 364845 85616 100000 100000 453307 234567 145238 100000 107765 100000 100986 235248 87838 305931 350979 121693 100000 100000 488307 451637 164910 364190 103550 164913 262348 162362 54864 100000 139137 155930 456097 198630 398935 324361 100000 416675 421813 476274 72680 247992 393632 11440 426704 391039 311924 100000 100000 100000 127689 133819 100000 219651 84819 429301 495062 34337 429750 293185 100000 100000 495179 288691 33338 235267 100000 348556 121258 202066 229813 114398 100000 158684 418042 442441 100000 225432 176183 100000 160026 186658 100000 58232 100000 100000 107672 349098 273318 309231 20934 45945 32599 475533 100000 92909 134818 44574 466938 100000 100000 108775 83075 496171 100000 100000 61661 481182 83976 100000 176045 448281 186760 100000 253397 
148313 211824 100000 100000 347752 223687 236626 97148 100000 306807 484201 413486 100000 358605 235510 100000 100000 61246 251541 100000 100000 233206 154613 115928 363050 222566 333478 100000 432551 111513 100000 123475 100000 371752 13537 476829 100000 414979 491671 392657 260719 259619 357709 426490 100000 433151 131917 102985 333160 100000 181074 204578 477216 132893 234073 480645 161337 346793 100000 473753 84950 244889 216234 38718 333275 100000 324883 483509 444940 407504 367352 91757 180816 435033 158942 100000 313893 465912 11044 254076 377493 307905 100000 161633 447030 359636 100000 145968 178943 472702 347911 124055 160510 100000 490998 100000 292755 170962 475718 100000 100000 359627 100000 100000 267557 100000 100000 100000 100000 313461 100000 100000 100000 137029 100000 428178 13311 437736 471254 366626 250032 100000 101666 125699 222431 168558 453273 100000 248241 94588 172858 498932 94909 100000 97856 474188 298401 346678 53165 84022 202124 100000 100000 100000 100000 388060 92581 42540 100000 100000 438048 100000 100000 100000 100000 439803 100000 395142 288485 11335 343538 100000 115433 100000 159904 233739 100000 104363 108413 457248 38698 335223 18574 448897 100000 472047 394348 279439 283201 127084 119836 479720 157445 124754 201081 375799 100000 100000 186243 67263 164059 100000 121459 175510 21693 338944 215069 105476 401931 427582 
48702 407749 402001 100000 346119 46672 155654 100000 402170 100000 431669 100000 423274 35721 100000 124131 100000 423791 100000 229274 10384 448072 450831 137848 188067 487592 99124 432551 100000 349011 318402 163908 1806 183443 103429 324800 228868 497130 421252 100000 100000 100000 485565 155494 348552 479287 100000 395398 262769 127770 100000 149914 100000 50038 244737 100000 286167 33725 470448 100000 409764 321636 100000 356306 19918 100000 12167 73568 24059 100000 16343 100000 100000 352241 250286 100000 100000 380631 262757 303387 100000 256522 281340 448301 236729 100000 100000 141774 118902 100000 100000 310186 143965 100000 62215 260721 33429 209829 100000 415418 100000 13514 175187 355042 406339 44654 228383 173009 100000 487325 113488 354023 100000 230816 100000 12309 214048 100000 93481 25883 499801 100000 462232 135669 134227 100000 150568 237589 229910 25367 74895 55086 10359 110918 320437 44416 485475 270955 100000 100000 100000 100000 214265 71525 68598 21439 43155 3335 410813 180362 100000 100000 383284 138233 178771 463690 204672 79957 100000 326390 426244 100000 100000 240752 181982 192663 385841 37070 203889 100000 473469 82930 90820 38200 30005 208757 100000 100000 100000 364023 341882 46108 100000 279780 53786 160028 489786 37398 185058 100000 100000 76942 100000 472629 480024 360368 100000 333662 297098 139082 
