17
100000 100000 132 90 169 167 99 48 100000 188 81 198 9 35 100000 100000 148 
100000 100000 159 96 24 100000 138 71 45 68 100000 114 104 100000 100000 155 112 
132 159 100000 100000 193 100000 30 100000 191 91 158 160 133 136 118 197 134 
90 96 100000 100000 27 152 100000 119 86 5 100000 117 113 77 64 100000 78 
169 24 193 27 100000 181 137 83 100000 61 14 60 100000 108 53 40 147 
167 100000 100000 152 181 100000 129 18 75 168 122 23 176 100000 178 31 100000 
99 138 30 100000 137 129 100000 100000 180 100000 100000 34 98 100000 28 145 163 
48 71 100000 119 83 18 100000 100000 151 100000 171 100000 100000 11 100000 186 164 
100000 45 191 86 100000 75 180 151 100000 95 143 38 185 100000 135 100000 92 
188 68 91 5 61 168 100000 100000 95 100000 100000 100000 82 111 33 183 80 
81 100000 158 100000 14 122 100000 171 143 100000 100000 192 12 161 72 37 140 
198 114 160 117 60 23 34 100000 38 100000 192 100000 10 100000 100000 57 100000 
9 104 133 113 100000 176 98 100000 185 82 12 10 100000 100000 89 190 29 
35 100000 136 77 108 100000 100000 11 100000 111 161 100000 100000 100000 120 101 115 
100000 100000 118 64 53 178 28 100000 135 33 72 100000 89 120 100000 22 36 
100000 155 197 100000 40 31 145 186 100000 183 37 57 190 101 22 100000 157 
148 112 134 78 147 100000 163 164 92 80 140 100000 29 115 36 157 100000 
