90
100000 2439 498 1343 2049 245 356 100000 1206 1790 100000 3152 100000 1870 4779 557 3570 898 1198 2861 4816 3309 100000 1120 100000 100000 3833 2571 100000 2438 2635 1671 4168 100000 4082 2757 496 100000 4474 4188 3061 3028 100000 4836 754 1816 3349 4891 100000 1679 4918 906 923 2797 478 391 4614 1877 2175 2628 1083 3345 1372 599 2431 62 3351 100000 100000 824 2658 100000 4323 488 2367 100000 1073 100000 3955 4332 4987 402 2412 4370 1889 4856 2361 1786 1893 100000 
2439 100000 100000 2541 501 503 2816 4937 3332 100000 982 4006 100000 100000 4986 1781 4867 3823 100000 1282 100000 2930 506 1721 944 1863 100000 2106 2146 2823 3530 1187 100000 100000 2235 4915 3935 2452 4280 100000 137 100000 100000 4932 4289 100000 229 3148 4444 355 1367 100000 100000 3231 1794 2659 2287 2274 2222 1829 936 3500 2155 176 289 458 671 100000 826 100000 100000 859 586 918 522 413 4905 733 3039 3279 100000 4766 3033 2182 1885 231 320 100000 100000 1501 
498 100000 100000 4265 2669 155 1773 100000 4645 115 100000 1025 100000 323 154 100000 4174 1769 4655 945 100000 483 4881 2784 1746 2697 3906 100000 4493 442 287 100000 3721 100000 4104 2075 100000 2935 100000 373 3586 1907 810 100000 3932 63 233 3380 4311 4699 2979 2215 100000 2356 1295 1177 2472 775 3949 963 1783 1497 1281 744 4343 100000 3849 3917 3456 1839 2764 2486 856 7 258 992 100000 249 1314 3609 311 729 1474 1610 2462 3762 80 100000 2993 4616 
1343 2541 4265 100000 1044 4078 1086 3747 809 4414 100000 4938 2299 100000 100000 100000 1716 100000 100000 100000 100000 2338 100000 1924 4204 1930 3119 495 3391 4782 100000 3204 1399 631 1657 100000 3348 2532 2810 3977 1130 1776 4568 341 4579 100000 4625 145 2027 1616 100000 4395 4814 1532 978 4101 4694 100000 2744 852 3818 3724 3693 1378 2224 3008 3772 2485 100000 1363 100000 4799 4667 4056 2272 100000 100000 4817 100000 4080 4138 2897 4224 3720 1113 4008 1153 650 891 4936 
2049 501 2669 1044 100000 4317 2722 3465 4135 100000 2741 2379 1345 4112 2317 527 1104 100000 100000 692 3378 100000 4660 4826 3537 676 4464 100000 100000 2276 76 169 4431 1554 100000 119 3619 2273 930 2167 100000 948 579 378 100000 1283 790 3198 179 404 1765 100000 100000 1413 4848 178 1916 390 3017 4661 3599 3230 100000 100000 1618 2099 2127 2009 3452 100000 4917 582 675 1200 477 100000 3107 238 715 100000 100000 2991 443 922 1140 100000 1999 100000 2708 100000 
245 503 155 4078 4317 100000 3941 100000 1503 2028 100000 2954 2684 1141 1586 100000 146 3226 1568 1231 3176 1212 1012 1728 3211 2481 100000 2101 2918 4320 100000 30 2245 100000 2670 1257 1440 559 521 469 1698 593 2129 100000 3436 2496 100000 547 100000 2643 2983 1466 3912 1838 3991 100000 1534 4846 1333 2461 192 889 4563 903 1785 100000 100000 962 100000 100000 2927 100000 100000 100000 2440 3597 3050 983 100000 3063 1375 2612 100000 1402 100000 3385 100000 3369 193 3448 
356 2816 1773 1086 2722 3941 100000 517 2531 2506 100000 2172 1937 100000 358 3396 1304 4338 100000 701 100000 1644 4208 329 134 335 3480 100000 4170 1328 100000 100000 4586 2046 393 3493 3203 100000 100000 100000 990 100000 4843 100000 4045 2458 100000 4304 1489 3538 4953 2633 100000 4380 2857 4196 4671 100000 100000 3816 1265 100000 1623 55 100000 672 100000 2724 1171 1443 100000 3168 1825 3691 4409 100000 3499 2631 4148 100000 228 4923 446 4064 274 612 1481 4608 2359 4488 
100000 4937 100000 3747 3465 100000 517 100000 4564 3264 4840 3766 3225 1365 100000 1809 4705 771 4979 958 2380 339 100000 3178 103 3571 100000 560 3996 1543 100000 100000 4949 931 2095 4031 100000 459 1882 2399 3990 4930 1191 2015 3161 100000 988 558 4508 2000 3936 28 100000 2139 2275 100000 309 2779 100000 4571 1174 100000 100000 4838 2887 3593 4632 340 4447 4578 3541 100000 100000 132 3366 100000 3302 2881 2214 3782 100000 1756 4461 569 4443 3023 2592 2056 2375 4566 
1206 3332 4645 809 4135 1503 2531 4564 100000 100000 100000 100000 100000 1725 3519 100000 2041 3350 3250 2372 100000 3750 4555 646 3957 4073 3647 4952 3943 100000 100000 1704 3214 2312 0 1499 4249 3680 4150 4686 3783 576 100000 100000 3607 1147 1589 705 520 3297 716 466 100000 100000 2362 100000 1983 1717 100000 100000 1065 348 2324 1270 1403 100000 1851 2511 4858 1244 2286 100000 100000 2849 100000 223 100000 1348 794 2132 4296 100000 100000 1713 1341 100000 3481 2884 362 4830 
1790 100000 115 4414 100000 2028 2506 3264 100000 100000 1518 100000 1976 4176 3427 1368 304 3620 3442 597 1411 2546 4037 2446 4505 168 2003 50 128 3234 1855 100000 100000 1028 100000 100000 100000 100000 100000 3433 4475 4612 2327 3055 100000 3138 1046 100000 3084 100000 100000 3547 4963 4976 141 2176 3135 1468 967 1609 4167 3640 100000 100000 1482 3966 347 3839 2598 4210 855 100000 100000 100000 1828 2758 1421 1969 2549 2607 100000 1558 4256 3602 3560 1784 2907 2943 2030 1145 
100000 982 100000 100000 2741 100000 100000 4840 100000 1518 100000 3246 1029 1594 3716 3048 1477 4325 100000 291 965 1040 3274 220 2856 643 4159 2923 1708 100000 100000 100000 3078 3406 3328 411 79 100000 100000 3968 1699 2135 3542 1317 100000 321 100000 2909 3518 2160 4019 3022 1690 3047 3830 1030 100000 2864 100000 4425 4497 3507 4596 100000 100000 100000 100000 4307 108 4710 3758 100000 3106 277 799 1723 100000 3712 4507 3133 660 3976 2 3370 1182 4982 100000 1507 100000 4039 
3152 4006 1025 4938 2379 2954 2172 3766 100000 100000 3246 100000 2315 4754 100000 1984 656 1226 2475 4422 456 3241 3175 114 100000 1114 2867 3840 4235 100000 4179 4133 4778 3556 1203 741 100000 3915 100000 3179 3590 4394 100000 100000 4383 2920 4052 100000 1078 1495 1465 100000 2733 100000 100000 1660 2978 1344 1905 836 4149 4837 100000 100000 2024 4292 1199 2894 1798 3749 282 3771 3261 3386 425 3424 100000 4439 1386 2529 3827 4109 100000 3709 2166 4692 314 100000 3502 1051 
100000 100000 100000 2299 1345 2684 1937 3225 100000 1976 1029 2315 100000 1358 2639 100000 3173 4187 3461 984 318 100000 1298 100000 996 3423 4379 3512 4490 100000 4001 2406 4005 3686 100000 2153 1076 4418 100000 3299 3007 696 4558 100000 100000 727 2602 21 100000 3934 379 3088 42 100000 100000 259 2373 100000 100000 1857 1692 100000 100000 645 100000 1453 1172 4489 2681 3778 617 1069 100000 100000 4839 100000 2459 4416 349 2260 1601 712 100000 100000 100000 100000 100000 2429 100000 3561 
1870 100000 323 100000 4112 1141 100000 1365 1725 4176 1594 4754 1358 100000 943 1985 2618 100000 3745 3381 100000 100000 100000 3638 100000 100000 2128 4495 4482 4763 1621 2178 100000 4382 100000 100000 100000 100000 3489 1373 587 484 3057 2942 941 4613 4166 1506 100000 1606 224 100000 100000 100000 1744 1682 4250 3687 100000 3266 2365 876 553 100000 2736 2156 1091 97 4708 4524 461 619 100000 540 2868 3275 1011 100000 3044 4764 100000 3077 4050 2055 3866 4585 4792 1910 4575 3904 
4779 4986 154 100000 2317 1586 358 100000 3519 3427 3716 100000 2639 943 100000 4598 100000 100000 4990 3258 4718 100000 100000 4968 3365 1121 3320 4940 3224 2184 4723 4098 437 100000 100000 3079 1239 3918 2739 1675 1253 1230 100000 45 1488 3828 4476 100000 4511 100000 3460 100000 2297 3938 4386 100000 100000 100000 3790 100000 100000 4643 1164 4349 100000 4623 4884 100000 2716 2343 234 3655 100000 100000 100000 1416 100000 3114 1360 2882 2545 4173 1511 2248 2644 1573 100000 3776 343 4924 
557 1781 100000 100000 527 100000 3396 1809 100000 1368 3048 1984 100000 1985 4598 100000 4657 100000 1463 951 1194 1528 2165 100000 100000 2192 4784 4683 100000 4360 100000 724 4239 151 2401 100000 100000 4925 1331 1990 4909 100000 706 1741 4034 4328 1795 3325 1767 2084 4412 1979 100000 1837 100000 2342 1908 3397 3890 4028 3521 183 1229 100000 100000 938 639 3341 100000 100000 1107 2053 2709 1875 100000 1827 2702 3300 2606 1901 3676 3924 2701 342 100000 3857 100000 4870 869 2922 
3570 4867 4174 1716 1104 146 1304 4705 2041 304 1477 656 3173 2618 100000 4657 100000 100000 100000 100000 4620 3658 4209 100000 4264 100000 100000 3132 1686 1473 1157 100000 4226 3142 71 4099 2845 1626 2570 4532 1032 210 100000 100000 2465 1818 2895 100000 4219 2087 250 1584 1797 1936 2577 1412 2043 4560 1447 1922 2336 100000 3428 4908 100000 100000 1159 1986 1139 3713 3802 2728 3090 100000 1579 100000 100000 100000 1667 1237 100000 2547 3014 100000 3566 273 100000 100000 3958 2033 
898 3823 1769 100000 100000 3226 4338 771 3350 3620 4325 1226 4187 100000 100000 100000 100000 100000 1845 935 3437 1861 100000 659 1921 1739 2650 1757 69 3098 152 1339 3848 3975 577 100000 100000 102 1010 1092 4480 4712 100000 873 2218 1454 2767 3233 100000 100000 100000 116 74 100000 2256 2686 3516 773 319 3123 1622 100000 2673 956 4272 100000 2750 3307 3375 1802 1814 4863 100000 3236 3871 3359 4344 25 100000 2177 1629 2474 685 3400 3920 3689 2642 2448 100000 2939 
1198 100000 4655 100000 100000 1568 100000 4979 3250 3442 100000 2475 3461 3745 4990 1463 100000 1845 100000 4922 100000 4849 4402 100000 2400 4134 3698 4429 1033 100000 2383 100000 868 100000 4631 2329 100000 266 3455 969 1685 100000 4417 100000 3167 4947 1394 100000 4581 3905 1388 1268 4738 100000 371 4991 2498 100000 100000 4312 2783 4207 1545 2916 100000 100000 908 530 100000 100000 1652 1393 3010 1422 2316 4303 4144 4141 216 369 3739 4961 913 480 827 2847 928 4183 3894 4665 
2861 1282 945 100000 692 1231 701 958 2372 597 291 4422 984 3381 3258 951 100000 935 4922 100000 2853 4454 100000 100000 4833 4714 2083 4180 4058 2976 3748 1994 2623 100000 2604 4700 4021 100000 344 100000 3271 471 100000 1301 3794 1186 683 3377 100000 4040 4745 3453 100000 627 1996 1777 3624 2641 3583 4172 812 1977 3402 4054 100000 2208 1215 3215 616 100000 772 100000 2039 4084 1018 2655 8 3988 100000 100000 100000 4398 1169 100000 100000 4116 1951 1325 4806 4460 
4816 100000 100000 100000 3378 3176 100000 2380 100000 1411 965 456 318 100000 4718 1194 4620 3437 100000 2853 100000 2197 1031 4356 910 4637 1275 3754 401 2850 423 2964 1971 666 2620 100000 100000 751 4559 2311 823 100000 2249 4051 100000 4279 1105 100000 3696 2968 100000 4393 2254 2110 1647 3485 2141 3303 4518 1832 100000 1496 2925 100000 4042 4724 3278 100000 1184 472 3623 1612 100000 1542 3742 447 4621 3644 100000 100000 462 201 4890 100000 4962 2384 2243 4912 3415 3095 
3309 2930 483 2338 100000 1212 1644 339 3750 2546 1040 3241 100000 100000 100000 1528 3658 1861 4849 4454 2197 100000 4780 120 2242 3154 3573 1478 4436 1638 942 2579 832 100000 3471 4926 3295 3883 2271 1126 4046 3146 3639 100000 3404 100000 2487 100000 100000 4297 325 1722 100000 4189 100000 3765 2321 732 100000 3994 4162 1759 100000 1476 2963 33 2423 3284 1504 100000 2986 1806 100000 3065 1981 4546 100000 4916 2390 3667 2654 100000 2928 100000 1836 4795 1513 51 486 4276 
100000 506 4881 100000 4660 1012 4208 100000 4555 4037 3274 3175 1298 100000 100000 2165 4209 100000 4402 100000 1031 4780 100000 3563 3876 728 2345 100000 32 798 2812 1038 2103 3316 4387 4094 237 1485 4322 2707 100000 3046 4901 77 3629 3292 3117 4721 1434 2309 100000 2199 2980 4275 1379 1101 100000 100000 100000 552 4363 735 3068 100000 2259 3589 3361 997 4531 2973 1574 2094 2846 1366 2706 2419 2213 2575 789 4517 802 3743 1604 2889 100000 100000 2509 1124 3243 3414 
1120 1721 2784 1924 4826 1728 329 3178 646 2446 220 114 100000 3638 4968 100000 100000 659 100000 100000 4356 120 3563 100000 1613 2434 3858 2307 100000 1332 1706 4336 4503 100000 1359 3371 100000 100000 4767 100000 2566 100000 3426 793 100000 2410 1219 100000 819 2013 609 2680 264 3262 4164 3283 807 3836 2229 4966 100000 3285 4137 4590 4695 100000 100000 4659 3221 142 100000 3104 762 470 4776 100000 100000 410 100000 100000 1097 507 4471 268 4218 100000 100000 1249 877 4347 
100000 944 1746 4204 3537 3211 134 103 3957 4505 2856 100000 996 100000 3365 100000 4264 1921 2400 4833 910 2242 3876 1613 100000 2749 100000 4933 1008 2188 3219 1812 1897 2504 1978 1859 4554 1547 3763 2603 2308 100000 100000 4594 10 1515 4902 46 4576 1890 3928 100000 4939 100000 1247 4512 2159 100000 1577 3301 1057 4857 3201 3454 100000 2168 4358 3253 100000 100000 1000 3464 2689 100000 4111 3852 4455 100000 100000 4274 4350 3726 1309 100000 1307 100000 70 100000 4552 1236 
100000 1863 2697 1930 676 2481 335 3571 4073 168 643 1114 3423 100000 1121 2192 100000 1739 4134 4714 4637 3154 728 2434 2749 100000 100000 100000 1702 100000 117 4115 4004 4787 100000 100000 1669 4894 100000 100000 1946 1269 3129 4024 4556 3752 4281 585 1259 100000 100000 100000 100000 100000 281 883 3681 3120 2148 1565 3137 3981 2720 607 4405 468 399 100000 4983 3102 874 100000 3312 2616 628 100000 2302 3678 100000 4127 4841 4163 899 100000 129 2951 633 703 313 2634 
3833 100000 3906 3119 4464 100000 3480 100000 3647 2003 4159 2867 4379 2128 3320 4784 100000 2650 3698 2083 1275 3573 2345 3858 100000 100000 100000 4730 2908 2662 4015 2985 206 1529 2499 2967 100000 100000 2068 4300 2227 100000 100000 1571 1323 2457 1585 4862 3210 100000 504 430 3417 1160 2489 100000 3605 2443 100000 100000 100000 4652 490 2542 4604 864 737 4583 17 1779 100000 1492 100000 1731 4874 100000 100000 100000 2012 801 100000 81 100000 4642 100000 1428 3824 100000 3086 100000 
2571 2106 100000 495 100000 2101 100000 560 4952 50 2923 3840 3512 4495 4940 4683 3132 1757 4429 4180 3754 1478 100000 2307 4933 100000 4730 100000 1635 3003 100000 4570 1631 1430 4329 632 2319 100000 100000 654 1134 100000 100000 100000 100000 1505 100000 100000 100000 4789 18 100000 3845 100000 4825 4108 2854 1017 1250 4543 100000 2796 2158 1681 1934 1479 1098 3877 1680 1754 1377 100000 1277 100000 196 1880 1952 4726 2427 1173 1068 100000 100000 4223 670 3059 1740 3788 3245 3665 
100000 2146 4493 3391 100000 2918 4170 3996 3943 128 1708 4235 4490 4482 3224 100000 1686 69 1033 4058 401 4436 32 100000 1008 1702 2908 1635 100000 1021 902 317 803 100000 3843 3682 207 1887 1251 377 432 100000 100000 44 3038 1222 2690 594 100000 947 3072 3205 2891 901 100000 2147 1748 4786 100000 1002 100000 4463 3263 1751 3637 2699 1240 2875 100000 3216 100000 100000 43 4479 1850 957 100000 4716 2349 100000 2426 2774 2782 3902 1854 1330 397 118 100000 596 
2438 2823 442 4782 2276 4320 1328 1543 100000 3234 100000 100000 100000 4763 2184 4360 1473 3098 100000 2976 2850 1638 798 1332 2188 100000 2662 3003 1021 100000 1688 4227 2196 2804 512 431 2695 476 100000 100000 515 100000 100000 100000 905 100000 1821 1608 3594 100000 1163 100000 2551 1279 433 100000 100000 100000 1357 100000 4978 523 100000 100000 2737 2294 100000 1550 939 1871 4244 2219 4971 100000 4126 2358 34 262 3413 100000 434 100000 3081 940 704 2023 783 2981 1879 2270 
2635 3530 287 100000 76 100000 100000 100000 100000 1855 100000 4179 4001 1621 4723 100000 1157 152 2383 3748 423 942 2812 1706 3219 117 4015 100000 902 1688 100000 1691 3986 2207 100000 4091 3451 100000 100000 100000 952 3508 100000 100000 863 350 427 4768 100000 736 100000 3728 2413 1696 2829 679 100000 100000 1556 804 4520 4646 2828 100000 1533 4491 2269 4397 531 100000 100000 814 100000 2950 438 232 4434 3286 2418 4750 2970 100000 100000 426 100000 1233 4456 589 100000 4680 
1671 1187 100000 3204 169 30 100000 100000 1704 100000 100000 4133 2406 2178 4098 724 100000 1339 100000 1994 2964 2579 1038 4336 1812 4115 2985 4570 317 4227 1691 100000 2282 1668 1053 1267 745 101 100000 730 100000 4139 100000 189 3145 100000 85 2089 1013 3444 4794 851 100000 3053 100000 2772 677 4302 100000 2125 4955 525 100000 4334 927 208 100000 4368 2636 2515 4842 4290 4897 100000 1538 2150 4433 100000 100000 100000 3880 2519 4877 387 100000 3012 1743 1963 665 4855 
4168 100000 3721 1399 4431 2245 4586 4949 3214 100000 3078 4778 4005 100000 437 4239 4226 3848 868 2623 1971 832 2103 4503 1897 4004 206 1631 803 2196 3986 2282 100000 4506 35 100000 1865 100000 100000 100000 100000 4610 100000 47 100000 4860 100000 1553 2990 100000 4701 3581 100000 4282 1813 4771 4636 100000 3357 100000 2627 4228 3993 1494 1149 1650 1214 12 1090 1684 100000 1950 4521 1965 3408 4687 3016 1446 3265 2840 100000 2421 1398 2683 4450 100000 100000 2144 100000 6 
100000 100000 100000 631 1554 100000 2046 931 2312 1028 3406 3556 3686 4382 100000 151 3142 3975 100000 100000 666 100000 3316 100000 2504 4787 1529 1430 100000 2804 2207 1668 4506 100000 100000 781 2126 92 100000 1649 4827 100000 4958 894 100000 2246 661 100000 360 1820 4352 75 3026 1084 104 100000 100000 1116 839 1997 2081 2966 157 1520 3736 100000 2120 4013 100000 2161 600 742 315 1445 2241 3895 100000 2931 3317 4469 4892 100000 3304 2888 2998 2402 288 20 4832 2341 
4082 2235 4104 1657 100000 2670 393 2095 0 100000 3328 1203 100000 100000 100000 2401 71 577 4631 2604 2620 3471 4387 1359 1978 100000 2499 4329 3843 512 100000 1053 35 100000 100000 222 100000 3338 3268 3321 1111 2568 1729 3960 230 109 1975 1023 100000 3209 4617 100000 4993 1313 3505 100000 100000 2051 4088 100000 1737 2476 1156 4023 1864 1493 2587 100000 300 1248 3076 3270 1180 2403 497 3411 4069 4994 2886 3409 100000 1136 2977 3190 4044 2447 100000 1598 2766 100000 
2757 4915 2075 100000 119 1257 3493 4031 1499 100000 411 741 2153 100000 3079 100000 4099 100000 2329 4700 100000 4926 4094 3371 1859 100000 2967 632 3682 431 4091 1267 100000 781 222 100000 3786 4956 444 100000 100000 100000 1826 100000 3734 2548 3027 248 4233 2352 2543 4190 1778 3972 100000 1470 2578 100000 2594 3814 306 100000 4125 2994 100000 2617 100000 61 100000 133 100000 2813 2445 2711 976 3767 2388 441 1928 1262 100000 3445 100000 4178 2878 1576 1599 100000 2430 697 
496 3935 100000 3348 3619 1440 3203 100000 4249 100000 79 100000 1076 100000 1239 100000 2845 100000 100000 4021 100000 3295 237 100000 4554 1669 100000 2319 207 2695 3451 745 1865 2126 100000 3786 100000 753 690 2562 100000 1261 4266 4072 3277 3634 3443 100000 2677 4413 3565 3926 2505 3673 236 3395 100000 2811 1300 4684 845 1711 3488 1060 2693 100000 100000 100000 871 84 400 1991 584 100000 4062 1299 100000 4220 1799 1736 479 563 3741 4122 100000 78 1059 3232 180 2488 
100000 2452 2935 2532 2273 559 100000 459 3680 100000 100000 3915 4418 100000 3918 4925 1626 102 266 100000 751 3883 1485 100000 1547 4894 100000 100000 1887 476 100000 101 100000 92 3338 4956 753 100000 100000 3092 4737 601 3514 100000 1472 1666 100000 100000 2915 2975 100000 1027 4090 100000 100000 100000 100000 3342 100000 2014 100000 3487 420 686 100000 3584 3382 1590 15 100000 2819 100000 3182 4191 3383 100000 474 172 1423 2040 100000 3346 834 2002 4584 1168 4355 3200 100000 895 
4474 4280 100000 2810 930 521 100000 1882 4150 100000 100000 100000 100000 3489 2739 1331 2570 1010 3455 344 4559 2271 4322 4767 3763 100000 2068 100000 1251 100000 100000 100000 100000 100000 3268 444 690 100000 100000 1382 4869 1703 3466 100000 3574 100000 3756 1075 100000 4448 100000 830 164 2666 1293 3387 1835 331 100000 100000 290 2552 448 3155 239 2501 417 100000 1860 1787 4270 4878 2455 1036 3127 3157 4452 761 100000 3197 4346 2656 100000 1225 2464 2354 3070 4201 4761 4049 
4188 100000 373 3977 2167 469 100000 2399 4686 3433 3968 3179 3299 1373 1675 1990 4532 1092 969 100000 2311 1126 2707 100000 2603 100000 4300 654 377 100000 100000 730 100000 1649 3321 100000 2562 3092 1382 100000 4391 100000 100000 337 2826 4306 4459 1911 1070 4696 3795 2217 2945 4698 3683 100000 4077 2632 4502 100000 204 740 418 100000 22 3422 1789 100000 3548 4535 2340 3855 3715 3420 100000 2866 100000 3835 533 100000 3703 2107 100000 3784 2187 100000 1869 100000 4875 100000 
3061 137 3586 1130 100000 1698 990 3990 3783 4475 1699 3590 3007 587 1253 4909 1032 4480 1685 3271 823 4046 100000 2566 2308 1946 2227 1134 432 515 952 100000 100000 4827 1111 100000 100000 4737 4869 4391 100000 2495 1151 100000 622 100000 959 100000 100000 100000 100000 494 3089 322 2124 1228 2906 524 424 3483 100000 3020 767 100000 2793 3733 100000 749 364 1815 100000 100000 100000 2830 100000 2863 1278 100000 4801 389 2441 100000 2250 1321 100000 981 2471 3256 3753 303 
3028 100000 1907 1776 948 593 100000 4930 576 4612 2135 4394 696 484 1230 100000 210 4712 100000 471 100000 3146 3046 100000 100000 1269 100000 100000 100000 100000 3508 4139 4610 100000 2568 100000 1261 601 1703 100000 2495 100000 174 100000 100000 100000 4804 2746 2510 1701 2544 2437 797 4889 100000 100000 1683 4260 100000 100000 100000 4669 285 464 591 3004 100000 100000 4375 1207 4321 4945 3040 1803 4103 1460 3878 1912 332 4017 2328 3199 4389 1639 2651 595 1252 177 4158 100000 
100000 100000 810 4568 579 2129 4843 1191 100000 2327 3542 100000 4558 3057 100000 706 100000 100000 4417 100000 2249 3639 4901 3426 100000 3129 100000 100000 100000 100000 100000 100000 100000 4958 1729 1826 4266 3514 3466 100000 1151 174 100000 2949 1982 3343 100000 980 551 4319 1514 100000 4192 4980 3227 100000 2280 2971 2093 100000 2768 100000 2788 1512 100000 3575 3580 2914 327 100000 3893 2675 505 3808 2770 440 4258 831 647 3946 2479 2865 100000 1833 3421 2537 2490 100000 4628 1056 
4836 4932 100000 341 378 100000 100000 2015 100000 3055 1317 100000 100000 2942 45 1741 100000 873 100000 1301 4051 100000 77 793 4594 4024 1571 100000 44 100000 100000 189 47 894 3960 100000 4072 100000 100000 337 100000 100000 2949 100000 4538 3217 3567 2851 1034 4921 100000 3558 720 4774 4284 667 100000 4805 2591 4157 251 4602 100000 3100 3853 2558 1197 4114 1288 4027 3394 630 100000 100000 334 1085 2031 100000 3987 363 100000 100000 1335 949 3468 49 100000 2130 1143 4377 
754 4289 3932 4579 100000 3436 4045 3161 3607 100000 100000 4383 100000 941 1488 4034 2465 2218 3167 3794 100000 3404 3629 100000 10 4556 1323 100000 3038 905 863 3145 100000 100000 230 3734 3277 1472 3574 2826 622 100000 1982 4538 100000 4572 100000 1742 1064 100000 100000 100000 100000 138 73 4243 265 4384 100000 1925 3308 100000 714 3066 886 1433 649 4719 3983 866 4107 2601 100000 1387 3503 100000 2899 100000 148 3545 100000 111 3598 485 100000 3251 100000 2769 4484 1457 
1816 100000 63 100000 1283 2496 2458 100000 1147 3138 321 2920 727 4613 3828 4328 1818 1454 4947 1186 4279 100000 3292 2410 1515 3752 2457 1505 1222 100000 350 100000 4860 2246 109 2548 3634 1666 100000 4306 100000 100000 3343 3217 4572 100000 333 4635 100000 1254 4567 2953 2576 1026 4995 3834 2205 4373 4530 1216 1676 100000 100000 100000 492 1866 4539 3850 125 4545 2959 421 4516 4920 1872 3515 1096 100000 1435 955 4318 2657 100000 2561 4715 1968 780 100000 100000 2038 
3349 229 233 4625 790 100000 100000 988 1589 1046 100000 4052 2602 4166 4476 1795 2895 2767 1394 683 1105 2487 3117 1219 4902 4281 1585 100000 2690 1821 427 85 100000 661 1975 3027 3443 100000 3756 4459 959 4804 100000 3567 100000 333 100000 100000 2653 4492 1508 1883 310 4353 3335 2407 4948 1770 4899 1294 1943 100000 3322 100000 388 1280 100000 999 491 100000 4421 2444 100000 2825 2900 4075 100000 3527 3626 4193 100000 1502 2493 1555 4500 2567 2824 3636 1296 1510 
4891 3148 3380 145 3198 547 4304 558 705 100000 2909 100000 21 1506 100000 3325 100000 3233 100000 3377 100000 100000 4721 100000 46 585 4862 100000 594 1608 4768 2089 1553 100000 1023 248 100000 100000 1075 1911 100000 2746 980 2851 1742 4635 100000 100000 1324 2563 854 4910 100000 100000 100000 1575 100000 2869 100000 181 2672 3041 4988 100000 100000 1500 31 2956 4003 897 774 100000 100000 100000 100000 100000 100000 2820 2586 734 2815 3486 3354 1276 100000 3532 784 2885 100000 3498 
100000 4444 4311 2027 179 100000 1489 4508 520 3084 3518 1078 100000 100000 4511 1767 4219 100000 4581 100000 3696 100000 1434 819 4576 1259 3210 100000 100000 3594 100000 1013 2990 360 100000 4233 2677 2915 100000 1070 100000 2510 551 1034 1064 100000 2653 1324 100000 3222 100000 107 1549 985 1001 4245 161 4129 3856 3523 3780 2092 3997 590 1263 4152 4131 3054 750 4934 100000 1516 1587 100000 4186 4446 870 1800 2969 3773 1161 2534 2792 100000 664 100000 353 1953 100000 3131 
1679 355 4699 1616 404 2643 3538 2000 3297 100000 2160 1495 3934 1606 100000 2084 2087 100000 3905 4040 2968 4297 2309 2013 1890 100000 100000 4789 947 100000 736 3444 100000 1820 3209 2352 4413 2975 4448 4696 100000 1701 4319 4921 100000 1254 4492 2563 3222 100000 374 4487 4271 3252 3919 87 4941 188 3757 4757 3557 100000 4735 2700 100000 1439 4674 611 100000 3910 1490 100000 449 100000 4032 3 663 100000 2189 4689 100000 302 1749 2892 1128 1693 739 1733 3446 608 
4918 1367 2979 100000 1765 2983 4953 3936 716 100000 4019 1465 379 224 3460 4412 250 100000 1388 4745 100000 325 100000 609 3928 100000 504 18 3072 1163 100000 4794 4701 4352 4617 2543 3565 100000 100000 3795 100000 2544 1514 100000 100000 4567 1508 854 100000 374 100000 100000 2870 950 100000 100000 100000 2416 1471 1714 100000 926 1188 1271 1361 3603 1381 100000 100000 3875 2405 1369 2300 3260 3364 100000 1204 2605 100000 100000 100000 278 4225 100000 2624 100000 100000 100000 3282 684 
906 100000 2215 4395 100000 1466 2633 28 466 3547 3022 100000 3088 100000 100000 1979 1584 116 1268 3453 4393 1722 2199 2680 100000 100000 430 100000 3205 100000 3728 851 3581 75 100000 4190 3926 1027 830 2217 494 2437 100000 3558 100000 2953 1883 4910 107 4487 100000 100000 4117 1175 100000 4606 100000 1521 4913 588 3885 205 100000 2629 4675 4666 2382 255 3329 769 2807 4154 2113 100000 4854 3122 100000 1179 1102 1150 574 100000 3815 3702 4528 2521 3539 100000 598 100000 
923 100000 100000 4814 100000 3912 100000 100000 100000 4963 1690 2733 42 100000 2297 100000 1797 74 4738 100000 2254 100000 2980 264 4939 100000 3417 3845 2891 2551 2413 100000 100000 3026 4993 1778 2505 4090 164 2945 3089 797 4192 720 100000 2576 310 100000 1549 4271 2870 4117 100000 3358 100000 3711 4155 100000 100000 100000 3156 100000 1615 2924 185 3842 1846 4156 100000 100000 2679 3649 2078 3069 1966 3533 1329 3009 2933 86 2638 2539 100000 53 765 100000 2936 4501 1338 100000 
2797 3231 2356 1532 1413 1838 4380 2139 100000 4976 3047 100000 100000 100000 3938 1837 1936 100000 100000 627 2110 4189 4275 3262 100000 100000 1160 100000 901 1279 1696 3053 4282 1084 1313 3972 3673 100000 2666 4698 322 4889 4980 4774 138 1026 4353 100000 985 3252 950 1175 3358 100000 3585 4746 100000 2777 2435 1318 4989 162 38 4728 620 100000 100000 3140 875 100000 756 1632 1415 2725 3656 3353 100000 3970 2376 3554 4588 1162 4898 829 100000 1220 625 2194 3021 2221 
478 1794 1295 978 4848 3991 2857 2275 2362 141 3830 100000 100000 1744 4386 100000 2577 2256 371 1996 1647 100000 1379 4164 1247 281 2489 4825 100000 433 2829 100000 1813 104 3505 100000 236 100000 1293 3683 2124 100000 3227 4284 73 4995 3335 100000 1001 3919 100000 100000 100000 3585 100000 2353 415 1227 4550 100000 100000 475 1042 3671 2818 1628 279 3781 93 100000 4065 100000 2006 2059 2752 3971 4872 100000 1391 2360 2860 100000 4853 893 673 1658 429 100000 2011 2555 
391 2659 1177 4101 178 100000 4196 100000 100000 2176 1030 1660 259 1682 100000 2342 1412 2686 4991 1777 3485 3765 1101 3283 4512 883 100000 4108 2147 100000 679 2772 4771 100000 100000 1470 3395 100000 3387 100000 1228 100000 100000 667 4243 3834 2407 1575 4245 87 100000 4606 3711 4746 2353 100000 4514 4821 1189 100000 3093 3810 2202 1536 4301 2140 1005 1753 3141 1578 225 242 1302 100000 1526 768 1289 2133 4823 57 100000 4481 1469 2630 2913 4722 2162 4529 2937 1390 
4614 2287 2472 4694 1916 1534 4671 309 1983 3135 100000 2978 2373 4250 100000 1908 2043 3516 2498 3624 2141 2321 100000 807 2159 3681 3605 2854 1748 100000 100000 677 4636 100000 100000 2578 100000 100000 1835 4077 2906 1683 2280 100000 265 2205 4948 100000 161 4941 100000 100000 4155 100000 415 4514 100000 1442 405 3684 1072 4121 100000 2415 4118 820 3998 100000 4883 2237 1919 3434 100000 4043 4313 100000 100000 972 2500 626 3596 2298 1462 4744 4130 2351 3293 4420 3891 4981 
1877 2274 775 100000 390 4846 100000 2779 1717 1468 2864 1344 100000 3687 100000 3397 4560 773 100000 2641 3303 732 100000 3836 100000 3120 2443 1017 4786 100000 100000 4302 100000 1116 2051 100000 2811 3342 331 2632 524 4260 2971 4805 4384 4373 1770 2869 4129 188 2416 1521 100000 2777 1227 4821 1442 100000 100000 2614 3899 3937 621 100000 4181 4600 487 904 1058 13 2261 100000 1768 3732 2206 100000 2517 3999 100000 4772 1892 100000 422 100000 3744 100000 4831 2589 100000 1904 
2175 2222 3949 2744 3017 1333 100000 100000 100000 967 100000 1905 100000 100000 3790 3890 1447 319 100000 3583 4518 100000 100000 2229 1577 2148 100000 1250 100000 1357 1556 100000 3357 839 4088 2594 1300 100000 100000 4502 424 100000 2093 2591 100000 4530 4899 100000 3856 3757 1471 4913 100000 2435 4550 1189 405 100000 100000 4372 1389 2800 100000 23 445 1315 1560 743 892 219 2858 316 1600 3410 2982 2780 2378 2538 3764 1995 452 2433 100000 821 100000 2335 100000 100000 3001 3075 
2628 1829 963 852 4661 2461 3816 4571 100000 1609 4425 836 1857 3266 100000 4028 1922 3123 4312 4172 1832 3994 552 4966 3301 1565 100000 4543 1002 100000 804 2125 100000 1997 100000 3814 4684 2014 100000 100000 3483 100000 100000 4157 1925 1216 1294 181 3523 4757 1714 588 100000 1318 100000 100000 3684 2614 4372 100000 100000 838 2121 100000 4544 345 3738 1039 3043 2691 758 3318 100000 100000 3779 4707 2331 2649 100000 2293 1548 100000 2008 2333 2559 1580 4499 4984 2613 3495 
1083 936 1783 3818 3599 192 1265 1174 1065 4167 4497 4149 1692 2365 100000 3521 2336 1622 2783 812 100000 4162 4363 100000 1057 3137 100000 100000 100000 4978 4520 4955 2627 2081 1737 306 845 100000 290 204 100000 100000 2768 251 3308 1676 1943 2672 3780 3557 100000 3885 3156 4989 100000 3093 1072 3899 1389 100000 100000 100000 2516 2944 4262 2058 100000 3184 100000 100000 4866 2034 100000 4110 1888 995 3940 707 3576 398 1611 634 3775 934 994 100000 3430 299 2513 100000 
3345 3500 1497 3724 3230 889 100000 100000 348 3640 3507 4837 100000 876 4643 183 100000 100000 4207 1977 1496 1759 735 3285 4857 3981 4652 2796 4463 523 4646 525 4228 2966 2476 100000 1711 3487 2552 740 3020 4669 100000 4602 100000 100000 100000 3041 2092 100000 926 205 100000 162 475 3810 4121 3937 2800 838 100000 100000 4089 4286 3113 3616 4509 2252 3807 711 1486 100000 100000 100000 194 1899 3651 100000 1522 2398 4330 100000 100000 3564 561 100000 3185 2896 100000 1459 
1372 2155 1281 3693 100000 4563 1623 100000 2324 100000 4596 100000 100000 553 1164 1229 3428 2673 1545 3402 2925 100000 3068 4137 3201 2720 490 2158 3263 100000 2828 100000 3993 157 1156 4125 3488 420 448 418 767 285 2788 100000 714 100000 3322 4988 3997 4735 1188 100000 1615 38 1042 2202 100000 621 100000 2121 2516 4089 100000 1763 100000 2142 860 4470 1972 100000 2582 100000 64 361 605 100000 3073 2852 2381 2109 4440 4483 3074 4430 2611 3440 1142 3314 1572 354 
599 176 744 1378 100000 903 55 4838 1270 100000 100000 100000 645 100000 4349 100000 4908 956 2916 4054 100000 1476 100000 4590 3454 607 2542 1681 1751 100000 100000 4334 1494 1520 4023 2994 1060 686 3155 100000 100000 464 1512 3100 3066 100000 100000 100000 590 2700 1271 2629 2924 4728 3671 1536 2415 100000 23 100000 2944 4286 1763 100000 100000 2904 2685 9 3826 541 513 2836 14 3592 2203 100000 3660 100000 100000 100000 3425 2932 100000 4819 3248 235 536 100000 100000 2597 
2431 289 4343 2224 1618 1785 100000 2887 1403 1482 100000 2024 100000 2736 100000 100000 100000 4272 100000 100000 4042 2963 2259 4695 100000 4405 4604 1934 3637 2737 1533 927 1149 3736 1864 100000 2693 100000 239 22 2793 591 100000 3853 886 492 388 100000 1263 100000 1361 4675 185 620 2818 4301 4118 4181 445 4544 4262 3113 100000 100000 100000 3846 3951 465 4100 100000 4113 1208 555 100000 2803 100000 100000 849 2698 2789 4519 2717 3525 3036 1630 3109 618 4944 691 284 
62 458 100000 3008 2099 100000 672 3593 100000 3966 100000 4292 1453 2156 4623 938 100000 100000 100000 2208 4724 33 3589 100000 2168 468 864 1479 2699 2294 4491 208 1650 100000 1493 2617 100000 3584 2501 3422 3733 3004 3575 2558 1433 1866 1280 1500 4152 1439 3603 4666 3842 100000 1628 2140 820 4600 1315 345 2058 3616 2142 2904 3846 100000 4541 100000 2247 4964 100000 2425 3463 954 3555 100000 1052 385 100000 1862 1935 100000 4656 195 2265 3608 2010 100000 3186 722 
3351 671 3849 3772 2127 100000 100000 4632 1851 347 100000 1199 1172 1091 4884 639 1159 2750 908 1215 3278 2423 3361 100000 4358 399 737 1098 1240 100000 2269 100000 1214 2120 2587 100000 100000 3382 417 1789 100000 100000 3580 1197 649 4539 100000 31 4131 4674 1381 2382 1846 100000 279 1005 3998 487 1560 3738 100000 4509 860 2685 3951 4541 100000 100000 100000 100000 1048 2326 409 2143 3269 3259 100000 100000 763 3296 3723 2955 1970 100000 4359 2310 100000 244 4205 100000 
100000 100000 3917 2485 2009 962 2724 340 2511 3839 4307 2894 4489 97 100000 3341 1986 3307 530 3215 100000 3284 997 4659 3253 100000 4583 3877 2875 1550 4397 4368 12 4013 100000 61 100000 1590 100000 100000 749 100000 2914 4114 4719 3850 999 2956 3054 611 100000 255 4156 3140 3781 1753 100000 904 743 1039 3184 2252 4470 9 465 100000 100000 100000 583 2814 100000 3699 964 2453 100000 100000 2062 4562 100000 100000 4217 2554 100000 3339 2715 1793 3479 828 4713 100000 
100000 826 3456 100000 3452 100000 1171 4447 4858 2598 108 1798 2681 4708 2716 100000 1139 3375 100000 616 1184 1504 4531 3221 100000 4983 17 1680 100000 939 531 2636 1090 100000 300 100000 871 15 1860 3548 364 4375 327 1288 3983 125 491 4003 750 100000 100000 3329 100000 875 93 3141 4883 1058 892 3043 100000 3807 1972 3826 4100 2247 100000 583 100000 100000 100000 4102 1956 2999 2460 3196 3344 100000 788 3962 100000 4526 535 1822 100000 3373 2645 3419 764 2660 
824 100000 1839 1363 100000 100000 1443 4578 1244 4210 4710 3749 3778 4524 2343 100000 3713 1802 100000 100000 472 100000 2973 142 100000 3102 1779 1754 3216 1871 100000 2515 1684 2161 1248 133 84 100000 1787 4535 1815 1207 100000 4027 866 4545 100000 897 4934 3910 3875 769 100000 100000 100000 1578 2237 13 219 2691 100000 711 100000 541 100000 4964 100000 2814 100000 100000 3478 2278 1764 1352 3648 100000 100000 4231 3543 1452 4199 3281 1260 100000 2665 2941 1043 100000 4740 4396 
2658 100000 2764 100000 4917 2927 100000 3541 2286 855 3758 282 617 461 234 1107 3802 1814 1652 772 3623 2986 1574 100000 1000 874 100000 1377 100000 4244 100000 4842 100000 600 3076 100000 400 2819 4270 2340 100000 4321 3893 3394 4107 2959 4421 774 100000 1490 2405 2807 2679 756 4065 225 1919 2261 2858 758 4866 1486 2582 513 4113 100000 1048 100000 100000 3478 100000 3492 4597 3228 4248 1037 100000 3800 100000 301 3025 4876 3125 4390 3838 100000 3194 100000 294 100000 
100000 859 2486 4799 582 100000 3168 100000 100000 100000 100000 3771 1069 619 3655 2053 2728 4863 1393 100000 1612 1806 2094 3104 3464 100000 1492 100000 100000 2219 814 4290 1950 742 3270 2813 1991 100000 4878 3855 100000 4945 2675 630 2601 421 2444 100000 1516 100000 1369 4154 3649 1632 100000 242 3434 100000 316 3318 2034 100000 100000 2836 1208 2425 2326 3699 4102 2278 3492 100000 386 100000 100000 100000 2726 1957 3438 1306 3847 1074 4415 100000 100000 3254 3326 100000 1408 4681 
4323 586 856 4667 675 100000 1825 100000 100000 100000 3106 3261 100000 100000 100000 2709 3090 100000 3010 2039 100000 100000 2846 762 2689 3312 100000 1277 43 4971 100000 4897 4521 315 1180 2445 584 3182 2455 3715 100000 3040 505 100000 100000 4516 100000 100000 1587 449 2300 2113 2078 1415 2006 1302 100000 1768 1600 100000 100000 100000 64 14 555 3463 409 964 1956 1764 4597 386 100000 3130 1376 1129 2073 1292 1801 1656 100000 100000 100000 723 2574 100000 100000 100000 382 796 
488 918 7 4056 1200 100000 3691 132 2849 100000 277 3386 100000 540 100000 1875 100000 3236 1422 4084 1542 3065 1366 470 100000 2616 1731 100000 4479 100000 2950 100000 1965 1445 2403 2711 100000 4191 1036 3420 2830 1803 3808 100000 1387 4920 2825 100000 100000 100000 3260 100000 3069 2725 2059 100000 4043 3732 3410 100000 4110 100000 361 3592 100000 954 2143 2453 2999 1352 3228 100000 3130 100000 100000 833 4261 473 3806 3389 974 100000 2258 2713 2173 1235 3306 2244 2314 100000 
2367 522 258 2272 477 2440 4409 3366 100000 1828 799 425 4839 2868 100000 100000 1579 3871 2316 1018 3742 1981 2706 4776 4111 628 4874 196 1850 4126 438 1538 3408 2241 497 976 4062 3383 3127 100000 100000 4103 2770 334 3503 1872 2900 100000 4186 4032 3364 4854 1966 3656 2752 1526 4313 2206 2982 3779 1888 194 605 2203 2803 3555 3269 100000 2460 3648 4248 100000 1376 100000 100000 2890 567 1106 295 2408 4093 3110 261 29 776 100000 867 352 100000 2001 
100000 413 992 100000 100000 3597 100000 100000 223 2758 1723 3424 100000 3275 1416 1827 100000 3359 4303 2655 447 4546 2419 100000 3852 100000 100000 1880 957 2358 232 2150 4687 3895 3411 3767 1299 100000 3157 2866 2863 1460 440 1085 100000 3515 4075 100000 4446 3 100000 3122 3533 3353 3971 768 100000 100000 2780 4707 995 1899 100000 100000 100000 100000 3259 100000 3196 100000 1037 100000 1129 833 2890 100000 100000 4081 529 3984 816 40 100000 4525 2393 100000 519 100000 3768 100000 
1073 4905 100000 100000 3107 3050 3499 3302 100000 1421 100000 100000 2459 1011 100000 2702 100000 4344 4144 8 4621 100000 2213 100000 4455 2302 100000 1952 100000 34 4434 4433 3016 100000 4069 2388 100000 474 4452 100000 1278 3878 4258 2031 2899 1096 100000 100000 870 663 1204 100000 1329 100000 4872 1289 100000 2517 2378 2331 3940 3651 3073 3660 100000 1052 100000 2062 3344 100000 100000 2726 2073 4261 567 100000 100000 1605 3927 1081 2729 100000 4783 760 100000 3579 986 2522 100000 4142 
100000 733 249 4817 238 983 2631 2881 1348 1969 3712 4439 4416 100000 3114 3300 100000 25 4141 3988 3644 4916 2575 410 100000 3678 100000 4726 4716 262 3286 100000 1446 2931 4994 441 4220 172 761 3835 100000 1912 831 100000 100000 100000 3527 2820 1800 100000 2605 1179 3009 3970 100000 2133 972 3999 2538 2649 707 100000 2852 100000 849 385 100000 4562 100000 4231 3800 1957 1292 473 1106 4081 1605 100000 3458 100000 1926 4014 16 3188 1418 100000 1942 3751 4664 100000 
3955 3039 1314 100000 715 100000 4148 2214 794 2549 4507 1386 349 3044 1360 2606 1667 100000 216 100000 100000 2390 789 100000 100000 100000 2012 2427 2349 3413 2418 100000 3265 3317 2886 1928 1799 1423 100000 533 4801 332 647 3987 148 1435 3626 2586 2969 2189 100000 1102 2933 2376 1391 4823 2500 100000 3764 100000 3576 1522 2381 100000 2698 100000 763 100000 788 3543 100000 3438 1801 3806 295 529 3927 3458 100000 4678 100000 36 544 100000 2947 840 658 100000 4803 511 
4332 3279 3609 4080 100000 3063 100000 3782 2132 2607 3133 2529 2260 4764 2882 1901 1237 2177 369 100000 100000 3667 4517 100000 4274 4127 801 1173 100000 100000 4750 100000 2840 4469 3409 1262 1736 2040 3197 100000 389 4017 3946 363 3545 955 4193 734 3773 4689 100000 1150 86 3554 2360 57 626 4772 1995 2293 398 2398 2109 100000 2789 1862 3296 100000 3962 1452 301 1306 1656 3389 2408 3984 1081 100000 4678 100000 4241 1541 4376 3149 3352 817 100000 2871 1805 100000 
4987 100000 311 4138 100000 1375 228 100000 4296 100000 660 3827 1601 100000 2545 3676 100000 1629 3739 100000 462 2654 802 1097 4350 4841 100000 1068 2426 434 2970 3880 100000 4892 100000 100000 479 100000 4346 3703 2441 2328 2479 100000 100000 4318 100000 2815 1161 100000 100000 574 2638 4588 2860 100000 3596 1892 452 1548 1611 4330 4440 3425 4519 1935 3723 4217 100000 4199 3025 3847 100000 974 4093 816 2729 1926 100000 4241 100000 1019 100000 100000 100000 1808 3441 1844 3964 100000 
402 4766 729 2897 2991 2612 4923 1756 100000 1558 3976 4109 712 3077 4173 3924 2547 2474 4961 4398 201 100000 3743 507 3726 4163 81 100000 2774 100000 100000 2519 2421 100000 1136 3445 563 3346 2656 2107 100000 3199 2865 100000 111 2657 1502 3486 2534 302 278 100000 2539 1162 100000 4481 2298 100000 2433 100000 634 100000 4483 2932 2717 100000 2955 2554 4526 3281 4876 1074 100000 100000 3110 40 100000 4014 36 1541 1019 100000 3208 100000 100000 4411 1898 100000 556 755 
2412 3033 1474 4224 443 100000 446 4461 100000 4256 2 100000 100000 4050 1511 2701 3014 685 913 1169 4890 2928 1604 4471 1309 899 100000 100000 2782 3081 100000 4877 1398 3304 2977 100000 3741 834 100000 100000 2250 4389 100000 1335 3598 100000 2493 3354 2792 1749 4225 3815 100000 4898 4853 1469 1462 422 100000 2008 3775 100000 3074 100000 3525 4656 1970 100000 535 1260 3125 4415 100000 2258 261 100000 4783 16 544 4376 100000 3208 100000 3688 3520 100000 3229 4399 881 100000 
