19
100000 5 22 100000 24 18 96 30 179 100000 75 69 156 100000 48 100000 100000 40 100000 
5 100000 2 34 55 100000 177 110 112 126 61 57 100000 146 53 100000 163 101 128 
22 2 100000 65 93 138 8 100000 100000 4 46 197 100000 79 85 100000 114 180 100000 
100000 34 65 100000 33 100000 113 45 100000 165 100000 116 155 71 103 20 159 6 134 
24 55 93 33 100000 142 44 170 104 100000 100000 15 82 12 100000 174 100000 100000 99 
18 100000 138 100000 142 100000 119 60 100000 194 32 23 164 7 158 100000 100000 100000 97 
96 177 8 113 44 119 100000 86 100000 28 10 109 100000 100000 102 56 14 67 90 
30 110 100000 45 170 60 86 100000 188 100000 21 122 9 115 25 42 125 59 136 
179 112 100000 100000 104 100000 100000 188 100000 152 98 100000 100000 195 117 95 100000 160 100000 
100000 126 4 165 100000 194 28 100000 152 100000 135 38 137 100000 157 100000 100000 150 111 
75 61 46 100000 100000 32 10 21 98 135 100000 100000 184 26 176 11 31 37 173 
69 57 197 116 15 23 109 122 100000 38 100000 100000 51 189 100000 100000 58 191 196 
156 100000 100000 155 82 164 100000 9 100000 137 184 51 100000 141 41 200 130 100000 100000 
100000 146 79 71 12 7 100000 115 195 100000 26 189 141 100000 118 100000 183 140 147 
48 53 85 103 100000 158 102 25 117 157 176 100000 41 118 100000 76 154 27 91 
100000 100000 100000 20 174 100000 56 42 95 100000 11 100000 200 100000 76 100000 3 1 100000 
100000 163 114 159 100000 100000 14 125 100000 100000 31 58 130 183 154 3 100000 182 100000 
40 101 180 6 100000 100000 67 59 160 150 37 191 100000 140 27 1 182 100000 47 
100000 128 100000 134 99 97 90 136 100000 111 173 196 100000 147 91 100000 100000 47 100000 
