40
100000 100000 1461 51 529 126 157 803 978 190 100000 31 127 176 1031 100000 780 807 1797 1615 1560 1501 100000 100000 719 84 1120 477 949 959 944 1468 300 1438 920 138 1782 249 1106 222 
100000 100000 150 814 247 1193 1981 130 1435 100000 1743 100000 100000 100000 325 867 100000 100000 324 100000 656 1200 1886 250 100000 1382 1149 439 1543 400 1669 100000 896 100000 257 121 723 369 635 1529 
1461 150 100000 923 1135 1385 100000 100000 83 1559 1300 100000 1989 100000 100000 1923 100000 1533 1729 1354 100000 872 1724 62 963 512 100000 1247 1493 493 1009 575 1821 1473 1541 100000 510 1819 1881 925 
51 814 923 100000 679 747 220 1970 1791 100000 1818 1688 1786 570 1843 818 1995 772 115 100000 1706 673 1478 1544 1272 100000 1251 1070 846 614 1005 1059 1877 1482 363 100000 1041 853 1459 105 
529 247 1135 679 100000 100000 1508 305 535 1093 687 252 100000 1737 100000 505 272 1224 100000 100000 822 139 1868 100000 1675 100000 1705 1190 238 1091 73 671 1858 383 100000 100000 100000 794 1138 1910 
126 1193 1385 747 100000 100000 676 1388 1699 1387 384 1065 318 100000 89 164 1495 1614 100000 851 1428 1980 100000 1004 102 100000 1665 1689 1264 100000 100000 1751 1127 1618 100000 1719 328 764 1651 100000 
157 1981 100000 220 1508 676 100000 1198 100000 1269 1692 1 438 1477 1998 100000 189 100000 1829 1172 100000 389 1961 100000 704 1515 1180 931 100000 1187 1175 1804 100000 99 226 732 745 1253 100000 1480 
803 130 100000 1970 305 1388 1198 100000 1959 1916 1841 768 654 1670 1311 786 298 100000 1964 1061 1150 961 1657 999 100000 1220 1201 725 100000 1309 100000 100000 100000 100000 469 100000 1869 100000 100000 100000 
978 1435 83 1791 535 1699 100000 1959 100000 1538 1583 752 1246 100000 1055 1629 44 100000 1338 242 1525 1811 100000 100000 1956 1331 6 200 1904 625 100000 94 1550 371 301 561 844 1641 1204 1285 
190 100000 1559 100000 1093 1387 1269 1916 1538 100000 1492 243 912 921 1630 1284 100000 100000 806 1216 1101 731 308 932 259 224 662 100000 1701 274 143 1934 1273 100000 618 100000 1718 739 1773 100000 
100000 1743 1300 1818 687 384 1692 1841 1583 1492 100000 1077 1677 100000 398 100000 650 1735 1088 100000 1710 1466 1015 743 1105 1393 100000 1161 1822 100000 100000 303 100000 100000 966 1862 832 1844 100000 100000 
31 100000 100000 1688 252 1065 1 768 752 243 1077 100000 100000 100000 799 118 100000 500 1060 1163 59 195 1141 52 1790 1780 100000 100000 1798 1727 100000 394 1644 1502 1767 347 494 490 100000 681 
127 100000 1989 1786 100000 318 438 654 1246 912 1677 100000 100000 933 100000 320 436 1893 100000 821 1418 1820 1261 1725 410 697 100000 100000 100000 1339 992 546 651 100000 1291 1237 1323 557 326 100000 
176 100000 100000 570 1737 100000 1477 1670 100000 921 100000 100000 933 100000 1578 100000 1139 1458 1702 296 598 91 206 586 781 808 100000 100000 1672 1836 459 1472 417 100000 1214 668 100000 1410 1024 524 
1031 325 100000 1843 100000 89 1998 1311 1055 1630 398 799 100000 1578 100000 100000 100000 960 100000 857 496 235 1292 100000 1199 1846 100000 210 376 1648 100000 797 1062 248 1052 658 37 1535 738 100000 
100000 867 1923 818 505 164 100000 786 1629 1284 100000 118 320 100000 100000 100000 1405 2 879 910 422 785 588 1054 982 100000 1952 767 1483 112 1500 1805 214 951 100000 1632 1750 100000 26 669 
780 100000 100000 1995 272 1495 189 298 44 100000 650 100000 436 1139 100000 1405 100000 549 93 924 463 1232 240 453 100000 990 1771 1303 100000 1177 836 1958 653 100000 181 1949 1195 361 609 100000 
807 100000 1533 772 1224 1614 100000 100000 100000 100000 1735 500 1893 1458 960 2 549 100000 869 473 311 133 1391 160 849 100000 763 100000 1831 100000 1353 1795 587 1026 854 69 100000 100000 887 100000 
1797 324 1729 115 100000 100000 1829 1964 1338 806 1088 1060 100000 1702 100000 879 93 869 100000 1030 690 18 1887 602 480 1605 1848 341 815 1666 397 1769 1590 548 336 244 100000 100000 167 710 
1615 100000 1354 100000 100000 851 1172 1061 242 1216 100000 1163 821 296 857 910 924 473 1030 100000 1363 607 1924 986 753 100000 92 100000 40 1288 100000 930 1383 100000 1988 1722 186 1439 829 1171 
1560 656 100000 1706 822 1428 100000 1150 1525 1101 1710 59 1418 598 496 422 463 311 690 1363 100000 100000 564 1406 380 1883 1310 100000 1742 1451 419 460 1446 1678 1298 1086 209 1570 791 100000 
1501 1200 872 673 139 1980 389 961 1811 731 1466 195 1820 91 235 785 1232 133 18 607 100000 100000 100000 526 100000 1573 507 1556 1879 1230 1633 1033 1636 100000 100000 1585 1349 1929 870 649 
100000 1886 1724 1478 1868 100000 1961 1657 100000 308 1015 1141 1261 206 1292 588 240 1391 1887 1924 564 100000 100000 100000 129 100000 100000 467 1140 1440 100000 100000 1620 364 1506 537 877 1991 19 1712 
100000 250 62 1544 100000 1004 100000 999 100000 932 743 52 1725 586 100000 1054 453 160 602 986 1406 526 100000 100000 291 100000 1368 840 100000 304 1912 1728 1774 100000 332 113 789 170 1740 1374 
719 100000 963 1272 1675 102 704 100000 1956 259 1105 1790 410 781 1199 982 100000 849 480 753 380 100000 129 291 100000 1102 603 1856 100000 100000 702 622 1697 100000 1078 1415 688 1676 100000 1682 
84 1382 512 100000 100000 100000 1515 1220 1331 224 1393 1780 697 808 1846 100000 990 100000 1605 100000 1883 1573 100000 100000 1102 100000 596 100000 34 100000 100000 100000 97 1046 392 1996 1589 100000 445 1953 
1120 1149 100000 1251 1705 1665 1180 1201 6 662 100000 100000 100000 100000 100000 1952 1771 763 1848 92 1310 507 100000 1368 603 596 100000 342 525 100000 1823 971 1761 1899 162 1109 100000 418 487 980 
477 439 1247 1070 1190 1689 931 725 200 100000 1161 100000 100000 100000 210 767 1303 100000 341 100000 100000 1556 467 840 1856 100000 342 100000 1878 863 100000 100000 773 437 1741 545 1799 458 100000 1794 
949 1543 1493 846 238 1264 100000 100000 1904 1701 1822 1798 100000 1672 376 1483 100000 1831 815 40 1742 1879 1140 100000 100000 34 525 1878 100000 1027 100000 547 633 356 455 100000 1008 349 100000 891 
959 400 493 614 1091 100000 1187 1309 625 274 100000 1727 1339 1836 1648 112 1177 100000 1666 1288 1451 1230 1440 304 100000 100000 100000 863 1027 100000 100000 24 1017 1803 42 1107 100000 665 817 1185 
944 1669 1009 1005 73 100000 1175 100000 100000 143 100000 100000 992 459 100000 1500 836 1353 397 100000 419 1633 100000 1912 702 100000 1823 100000 100000 100000 100000 155 100000 405 802 1587 1395 1081 1389 742 
1468 100000 575 1059 671 1751 1804 100000 94 1934 303 394 546 1472 797 1805 1958 1795 1769 930 460 1033 100000 1728 622 100000 971 100000 547 24 155 100000 518 1781 278 165 225 1192 154 100000 
300 896 1821 1877 1858 1127 100000 100000 1550 1273 100000 1644 651 417 1062 214 653 587 1590 1383 1446 1636 1620 1774 1697 97 1761 773 633 1017 100000 518 100000 279 100000 1068 100000 1044 1407 1023 
1438 100000 1473 1482 383 1618 99 100000 371 100000 100000 1502 100000 100000 248 951 100000 1026 548 100000 1678 100000 364 100000 100000 1046 1899 437 356 1803 405 1781 279 100000 100000 100000 1402 100000 401 166 
920 257 1541 363 100000 100000 226 469 301 618 966 1767 1291 1214 1052 100000 181 854 336 1988 1298 100000 1506 332 1078 392 162 1741 455 42 802 278 100000 100000 100000 1604 1147 1987 47 1568 
138 121 100000 100000 100000 1719 732 100000 561 100000 1862 347 1237 668 658 1632 1949 69 244 1722 1086 1585 537 113 1415 1996 1109 545 100000 1107 1587 165 1068 100000 1604 100000 232 171 100000 1824 
1782 723 510 1041 100000 328 745 1869 844 1718 832 494 1323 100000 37 1750 1195 100000 100000 186 209 1349 877 789 688 1589 100000 1799 1008 100000 1395 225 100000 1402 1147 232 100000 100000 100000 1586 
249 369 1819 853 794 764 1253 100000 1641 739 1844 490 557 1410 1535 100000 361 100000 100000 1439 1570 1929 1991 170 1676 100000 418 458 349 665 1081 1192 1044 100000 1987 171 100000 100000 1066 1479 
1106 635 1881 1459 1138 1651 100000 100000 1204 1773 100000 100000 326 1024 738 26 609 887 167 829 791 870 19 1740 100000 445 487 100000 100000 817 1389 154 1407 401 47 100000 100000 1066 100000 1925 
222 1529 925 105 1910 100000 1480 100000 1285 100000 100000 681 100000 524 100000 669 100000 100000 710 1171 100000 649 1712 1374 1682 1953 980 1794 891 1185 742 100000 1023 166 1568 1824 1586 1479 1925 100000 
