7
100000 66 74 24 58 52 20 
66 100000 42 18 2 10 100000 
74 42 100000 29 97 7 100000 
24 18 29 100000 100000 100000 82 
58 2 97 100000 100000 98 100000 
52 10 7 100000 98 100000 14 
20 100000 100000 82 100000 14 100000 
