20
100000 224 705 100000 89 421 568 496 100000 100000 1157 1197 262 448 1978 55 620 100000 1344 1888 
224 100000 365 306 100000 100000 252 595 278 1737 299 839 100000 100000 800 1378 1695 1829 564 100000 
705 365 100000 468 1414 100000 100000 1158 100000 1678 359 1460 1111 100000 1079 1214 1296 1779 453 100000 
100000 306 468 100000 100000 215 100000 345 100000 100000 1912 279 1337 918 1853 1406 100000 100000 1620 100000 
89 100000 1414 100000 100000 899 1030 100000 1456 1082 100000 100000 340 100000 1359 1606 100000 178 1266 1035 
421 100000 100000 215 899 100000 901 100000 931 1874 779 1080 88 1605 100000 162 1172 434 1005 1680 
568 252 100000 100000 1030 901 100000 622 100000 1900 744 100000 1549 25 1008 1582 100000 1075 1536 257 
496 595 1158 345 100000 100000 622 100000 100000 1483 1211 100000 1198 193 1187 409 1252 62 1854 1338 
100000 278 100000 100000 1456 931 100000 100000 100000 100000 1199 250 100000 1743 100000 100000 100000 100000 855 1691 
100000 1737 1678 100000 1082 1874 1900 1483 100000 100000 1206 76 1652 100000 100000 976 1909 73 1960 589 
1157 299 359 1912 100000 779 744 1211 1199 1206 100000 1350 42 100000 100000 632 1076 189 1970 190 
1197 839 1460 279 100000 1080 100000 100000 250 76 1350 100000 209 483 678 14 1595 100000 100000 635 
262 100000 1111 1337 340 88 1549 1198 100000 1652 42 209 100000 1033 100000 1084 1421 154 1015 100000 
448 100000 100000 918 100000 1605 25 193 1743 100000 100000 483 1033 100000 100000 96 100000 100000 266 1 
1978 800 1079 1853 1359 100000 1008 1187 100000 100000 100000 678 100000 100000 100000 1895 469 729 100000 825 
55 1378 1214 1406 1606 162 1582 409 100000 976 632 14 1084 96 1895 100000 868 1709 813 5 
620 1695 1296 100000 100000 1172 100000 1252 100000 1909 1076 1595 1421 100000 469 868 100000 700 100000 1564 
100000 1829 1779 100000 178 434 1075 62 100000 73 189 100000 154 100000 729 1709 700 100000 100000 1476 
1344 564 453 1620 1266 1005 1536 1854 855 1960 1970 100000 1015 266 100000 813 100000 100000 100000 100000 
1888 100000 100000 100000 1035 1680 257 1338 1691 589 190 635 100000 1 825 5 1564 1476 100000 100000 
