60
100000 234 380 1163 651 1961 903 1756 100000 1559 1768 100000 1728 462 387 478 1086 100000 100000 100000 935 224 100000 100000 100000 100000 1878 535 100000 1573 1409 1917 1551 100000 1505 767 1038 1294 399 100000 973 1002 787 90 100000 133 1609 853 82 100000 1031 100000 100000 100000 275 1841 99 1610 604 978 
234 100000 100000 219 1136 1182 1151 100000 1580 906 343 96 1828 1897 1648 1345 100000 1778 100000 100000 1239 250 100000 1532 44 100000 602 1563 100000 128 1340 209 100000 1005 100000 1650 8 1028 100000 285 1050 100000 139 100000 1766 1902 372 1351 100000 100000 1900 1791 100000 1438 100000 481 337 276 1566 100000 
380 100000 100000 421 970 1761 284 937 100000 100000 1723 680 100000 607 967 100000 100000 1029 1075 1773 1753 1747 100000 849 823 100000 100000 1660 980 1552 1927 1565 1667 1142 549 1817 100000 100000 100000 100000 1280 1469 1824 100000 1635 1886 100000 370 1475 280 100000 808 1590 1322 514 100000 1126 231 1321 715 
1163 219 421 100000 863 867 100000 1888 41 1854 100000 1589 1916 1978 1116 100000 412 496 1289 968 1183 1871 100000 575 1226 1792 306 1633 100000 100000 1523 70 29 100000 422 1651 100000 561 100000 1008 430 100000 789 100000 1098 1184 213 100000 544 902 1055 729 917 1671 100000 1070 512 100000 800 1842 
651 1136 970 863 100000 335 443 1037 1272 1850 339 246 1789 1153 402 53 836 91 100000 1884 100000 100000 100000 442 1518 100000 834 156 832 1973 1731 852 244 1390 1388 1931 1484 1583 1273 1152 100000 100000 62 1600 100000 1262 1715 1630 1851 100000 100000 1668 1123 1265 100000 672 1084 795 1578 374 
1961 1182 1761 867 335 100000 135 243 348 364 100000 119 328 1478 311 933 1064 778 1013 649 921 630 1017 100000 1904 286 1220 1516 100000 804 100000 1866 922 100000 1658 100000 27 1745 1632 100000 1120 88 100000 1154 571 18 1928 585 931 100000 434 100000 31 1365 251 404 1423 435 64 100000 
903 1151 284 100000 443 135 100000 1350 100000 89 588 629 20 100000 1032 100000 211 108 100000 100000 1577 1215 100000 537 1653 946 1860 75 1145 1885 100000 100000 334 100000 930 1117 727 1464 1191 100000 111 580 1481 210 762 100000 1209 1258 569 1952 100000 1134 100000 184 235 340 267 829 1252 1612 
1756 100000 937 1888 1037 243 1350 100000 1059 100000 783 100000 100000 100000 1859 1125 446 1135 1536 100000 100000 858 100000 1742 988 100000 1730 643 1873 136 42 1503 100000 1122 938 984 100000 1770 140 100000 641 627 100000 1542 326 570 368 1561 723 454 581 1274 960 1507 100000 1880 81 1077 350 100000 
100000 1580 100000 41 1272 348 100000 1059 100000 717 100000 379 1777 663 100000 100000 1089 1204 1114 100000 1930 1392 1073 86 12 816 510 16 1941 1313 1882 100000 206 1520 100000 100000 100000 100000 100000 100000 1625 100000 398 273 100000 1387 475 609 351 1330 1675 1834 100000 1189 861 100000 79 100000 360 100000 
1559 906 100000 1854 1850 364 89 100000 717 100000 1358 100000 100000 582 1023 1803 1325 100000 100000 865 100000 1092 100000 100000 1716 590 100000 100000 625 1896 100000 100000 100000 100000 1517 548 100000 954 999 1755 100000 344 951 1740 100000 100000 104 310 100000 1990 476 517 1227 1986 100000 100000 100000 1400 100000 1492 
1768 343 1723 100000 339 100000 588 783 100000 1358 100000 100000 426 189 371 1197 874 1807 1202 626 682 501 1490 113 518 1915 338 1185 100000 533 1461 907 73 1241 1473 100000 241 1217 547 77 1052 1706 824 840 100000 1395 708 346 100000 100000 1929 1323 1838 100000 100000 1242 100000 740 0 1649 
100000 96 680 1589 246 119 629 100000 379 100000 100000 100000 943 138 1096 711 1463 125 1985 1056 283 1637 227 100000 777 413 15 100000 100000 1044 312 996 1576 631 100000 100000 1010 216 100000 1310 668 1662 1127 1895 755 1045 265 958 100000 746 744 182 1621 1903 100000 174 1919 100000 28 1524 
1728 1828 100000 1916 1789 328 20 100000 1777 100000 426 943 100000 1460 448 856 1669 1820 30 1491 100000 1472 757 1521 100000 1250 1501 1709 390 299 505 100000 622 1176 983 1040 1480 1225 1783 1750 657 558 1982 1614 608 640 1228 1852 1959 564 100000 1597 1661 1659 489 774 1230 239 100000 1014 
462 1897 607 1978 1153 1478 100000 100000 663 582 189 138 1460 100000 1335 1079 341 1603 100000 1514 1705 1581 100000 100000 132 1488 1297 355 1926 1697 100000 1511 1334 100000 100000 451 1449 1381 151 677 1953 100000 805 1881 1437 1868 249 1819 831 318 1287 653 1016 100000 100000 1640 1458 225 1548 218 
387 1648 967 1116 402 311 1032 1859 100000 1023 371 1096 448 1335 100000 1240 100000 793 1158 100000 681 1268 1543 1078 100000 100000 1065 100000 878 100000 153 1058 1470 1527 65 319 1722 1021 919 1355 1925 1683 382 100000 362 994 385 1359 1727 1599 1471 1468 100000 1779 1699 204 838 100000 1922 1875 
478 1345 100000 100000 53 933 100000 1125 100000 1803 1197 711 856 1079 1240 100000 1876 100000 100000 692 556 100000 1809 553 100000 1584 1966 396 1790 1858 460 1047 1624 100000 1063 572 1026 100000 1074 1237 100000 100000 100000 768 857 1710 157 100000 100000 1811 1996 1309 203 781 1216 100000 797 813 1110 1275 
1086 100000 100000 412 836 1064 211 446 1089 1325 874 1463 1669 341 100000 1876 100000 1165 100000 100000 313 1128 1813 700 353 1049 444 100000 100000 671 1188 1391 100000 392 165 1382 100000 180 1411 43 1760 100000 908 100000 2 628 1775 1571 716 669 100000 1704 848 1432 1619 1821 100000 121 100000 1939 
100000 1778 1029 496 91 778 108 1135 1204 100000 1807 125 1820 1603 793 100000 1165 100000 100000 1801 1420 1587 532 1749 100000 883 673 36 1364 1607 1088 100000 1124 1569 100000 1159 100000 100000 521 100000 100000 1585 687 741 985 185 761 55 145 50 1827 1712 100000 100000 529 95 1629 190 1095 1995 
100000 100000 1075 1289 100000 1013 100000 1536 1114 100000 1202 1985 30 100000 1158 100000 100000 100000 100000 173 420 468 1006 1494 511 725 118 217 433 100000 977 162 1041 1862 1115 487 100000 1356 291 1689 498 1892 100000 1849 1046 1519 1664 100000 100000 1243 987 845 100000 843 100000 809 46 431 1617 100000 
100000 100000 1773 968 1884 649 100000 100000 100000 865 626 1056 1491 1514 100000 692 100000 1801 173 100000 100000 776 100000 458 100000 1459 1636 455 747 1329 1442 1396 322 100000 100000 1908 1353 526 1375 130 100000 1947 1666 1984 100000 100000 642 1736 1948 750 100000 841 1843 100000 1339 1782 49 261 100000 566 
935 1239 1753 1183 100000 921 1577 100000 1930 100000 682 283 100000 1705 681 556 313 1420 420 100000 100000 1719 1920 100000 100000 222 100000 1557 67 1025 178 127 952 1682 1981 459 226 1793 1393 790 100000 1938 684 1270 830 100000 411 1645 100000 100000 191 1474 381 1410 1386 1171 1421 541 100000 1009 
224 250 1747 1871 100000 630 1215 858 1392 1092 501 1637 1472 1581 1268 100000 1128 1587 468 776 1719 100000 1398 950 100000 550 100000 100000 1923 1780 895 100000 100000 100000 100000 100000 1229 1786 1157 100000 1377 100000 731 645 327 1316 1879 686 719 1752 1814 706 1141 492 1800 34 527 100000 1958 100000 
100000 100000 100000 100000 100000 1017 100000 100000 1073 100000 1490 227 757 100000 1543 1809 1813 532 1006 100000 1920 1398 100000 1588 100000 499 100000 1663 899 788 1108 1971 1447 714 732 806 1734 100000 87 100000 66 400 785 100000 100000 437 94 100000 100000 1506 74 100000 1413 1631 664 1212 1549 429 300 1692 
100000 1532 849 575 442 100000 537 1742 86 100000 113 100000 1521 100000 1078 553 700 1749 1494 458 100000 950 1588 100000 1042 929 100000 1315 1572 100000 100000 100000 100000 890 1169 100000 100000 484 100000 992 100000 100000 317 1496 568 100000 648 702 1512 1261 1385 1788 1510 733 1787 1641 718 100000 13 1267 
100000 44 823 1226 1518 1904 1653 988 12 1716 518 777 100000 132 100000 100000 353 100000 511 100000 100000 100000 100000 1042 100000 886 803 229 612 232 107 910 1206 100000 100000 1246 993 1161 100000 1592 1591 100000 1616 1276 1404 525 308 100000 1684 100000 573 270 1500 100000 557 195 880 100000 738 100000 
100000 100000 100000 1792 100000 286 946 100000 816 590 1915 413 1250 1488 100000 1584 1049 883 725 1459 222 550 499 929 886 100000 1721 240 187 1434 100000 1924 100000 129 699 1105 503 100000 100000 1336 1433 100000 621 1794 1374 100000 1061 826 154 704 956 100000 981 1654 1960 314 1408 1646 100000 1994 
1878 602 100000 306 834 1220 1860 1730 510 100000 338 15 1501 1297 1065 1966 444 673 118 1636 100000 100000 100000 100000 803 1721 100000 367 1530 100000 212 100000 1248 1193 656 279 100000 1087 290 266 1264 192 676 1765 551 100000 1370 1602 799 100000 749 1570 488 940 100000 679 100000 792 253 1550 
535 1563 1660 1633 156 1516 75 643 16 100000 1185 100000 1709 355 100000 396 100000 36 217 455 1557 100000 1663 1315 229 240 367 100000 678 100000 247 635 1690 100000 1707 100000 1138 100000 100000 1186 1763 855 1949 427 395 100000 100000 159 1700 181 513 1574 170 100000 1162 791 100000 100000 726 1314 
100000 100000 980 100000 832 100000 1145 1873 1941 625 100000 100000 390 1926 878 1790 100000 1364 433 747 67 1923 899 1572 612 187 1530 678 100000 709 889 1360 100000 898 1969 100000 1818 100000 1955 1522 100000 1608 100000 736 735 262 1639 1784 100000 1911 1805 1826 1234 1992 415 1379 1288 1166 1418 10 
1573 128 1552 100000 1973 804 1885 136 1313 1896 533 1044 299 1697 100000 1858 671 1607 100000 1329 1025 1780 788 100000 232 1434 100000 100000 709 100000 100000 1951 1167 563 100000 1751 100000 1943 864 208 363 100000 1483 1257 100000 1300 295 100000 100000 1057 934 1498 100000 1000 419 100000 1479 331 100000 100000 
1409 1340 1927 1523 1731 100000 100000 42 1882 100000 1461 312 505 100000 153 460 1188 1088 977 1442 178 895 1108 100000 107 100000 212 247 889 100000 100000 100000 100000 1921 1332 100000 497 100000 1022 100000 1717 259 100000 885 100000 1670 110 879 1081 316 100000 221 242 100000 974 1 1218 694 844 862 
1917 209 1565 70 852 1866 100000 1503 100000 100000 907 996 100000 1511 1058 1047 1391 100000 162 1396 127 100000 1971 100000 910 1924 100000 635 1360 1951 100000 100000 1106 745 1034 471 365 432 1412 293 584 329 160 1529 100000 1677 1972 1452 54 1101 698 1327 905 100000 814 507 215 1759 1936 100000 
1551 100000 1667 29 244 922 334 100000 206 100000 73 1576 622 1334 1470 1624 100000 1124 1041 322 952 100000 1447 100000 1206 100000 1248 1690 100000 1167 100000 1106 100000 485 1836 100000 796 1642 1467 100000 304 1111 1567 534 1694 100000 100000 833 802 991 100000 100000 116 100000 100000 1627 1302 1235 784 1493 
100000 1005 1142 100000 1390 100000 100000 1122 1520 100000 1241 631 1176 100000 1527 100000 392 1569 1862 100000 1682 100000 714 890 100000 129 1193 100000 898 563 1921 745 485 100000 1367 452 1062 949 100000 531 4 100000 357 6 464 771 613 1247 100000 100000 100000 1769 1083 634 100000 100000 100000 1934 100000 1546 
1505 100000 549 422 1388 1658 930 938 100000 1517 1473 100000 983 100000 65 1063 165 100000 1115 100000 1981 100000 732 1169 100000 699 656 1707 1969 100000 1332 1034 1836 1367 100000 600 1962 298 1977 1702 1033 100000 1004 1132 465 705 1914 35 1156 21 1785 932 1771 1221 100000 100000 1139 1553 1562 1586 
767 1650 1817 1651 1931 100000 1117 984 100000 548 100000 100000 1040 451 319 572 1382 1159 487 1908 459 100000 806 100000 1246 1105 279 100000 100000 1751 100000 471 100000 452 600 100000 71 868 100000 1626 1333 1094 100000 1295 1983 1278 754 1622 1284 281 1539 158 670 230 661 1113 100000 786 100000 690 
1038 8 100000 100000 1484 27 727 100000 100000 100000 241 1010 1480 1449 1722 1026 100000 100000 100000 1353 226 1229 1734 100000 993 503 100000 1138 1818 100000 497 365 796 1062 1962 71 100000 1844 516 969 1244 1991 100000 495 1414 1254 100000 1485 650 1076 449 100000 256 1233 752 1348 1535 425 100000 1883 
1294 1028 100000 561 1583 1745 1464 1770 100000 954 1217 216 1225 1381 1021 100000 180 100000 1356 526 1793 1786 100000 484 1161 100000 1087 100000 100000 1943 100000 432 1642 949 298 868 1844 100000 877 1823 819 11 264 1988 269 100000 1932 100000 1998 945 100000 1093 520 100000 942 72 342 1222 914 1001 
399 100000 100000 100000 1273 1632 1191 140 100000 999 547 100000 1783 151 919 1074 1411 521 291 1375 1393 1157 87 100000 100000 100000 290 100000 1955 864 1022 1412 1467 100000 1977 100000 516 877 100000 565 1593 100000 200 1772 100000 1446 1091 1894 1343 383 900 920 142 100000 394 1256 26 238 1899 100000 
100000 285 100000 1008 1152 100000 100000 100000 100000 1755 77 1310 1750 677 1355 1237 43 100000 1689 130 790 100000 100000 992 1592 1336 266 1186 1522 208 100000 293 100000 531 1702 1626 969 1823 565 100000 1196 998 1406 685 947 1830 1003 100000 693 193 196 1448 1582 418 1538 100000 624 523 866 1201 
973 1050 1280 430 100000 1120 111 641 1625 100000 1052 668 657 1953 1925 100000 1760 100000 498 100000 100000 1377 66 100000 1591 1433 1264 1763 100000 363 1717 584 304 4 1033 1333 1244 819 1593 1196 100000 1328 1744 278 100000 100000 100000 252 407 100000 100000 1696 1541 100000 461 1383 100000 100000 100000 578 
1002 100000 1469 100000 100000 88 580 627 100000 344 1706 1662 558 100000 1683 100000 100000 1585 1892 1947 1938 100000 400 100000 100000 100000 192 855 1608 100000 259 329 1111 100000 100000 1094 1991 11 100000 998 1328 100000 701 100000 1155 149 93 1701 995 850 100000 100000 966 1195 1531 469 358 674 847 100000 
787 139 1824 789 62 100000 1481 100000 398 951 824 1127 1982 805 382 100000 908 687 100000 1666 684 731 785 317 1616 621 676 1949 100000 1483 100000 160 1567 357 1004 100000 100000 264 200 1406 1744 701 100000 100000 904 1891 100000 1291 100000 100000 19 100000 1260 100000 546 1703 756 100000 955 100000 
90 100000 100000 100000 1600 1154 210 1542 273 1740 840 1895 1614 1881 100000 768 100000 741 1849 1984 1270 645 100000 1496 1276 1794 1765 427 736 1257 885 1529 534 6 1132 1295 495 1988 1772 685 278 100000 100000 100000 1072 873 100000 100000 1208 1455 1403 1832 1688 822 470 859 100000 100000 152 595 
100000 1766 1635 1098 100000 571 762 326 100000 100000 100000 755 608 1437 362 857 2 985 1046 100000 830 327 100000 568 1404 1374 551 395 735 100000 100000 100000 1694 464 465 1983 1414 269 100000 947 100000 1155 904 1072 100000 100000 100000 167 100000 439 1118 1476 408 1965 171 100000 1207 406 944 1426 
133 1902 1886 1184 1262 18 100000 570 1387 100000 1395 1045 640 1868 994 1710 628 185 1519 100000 100000 1316 437 100000 525 100000 100000 100000 262 1300 1670 1677 100000 771 705 1278 1254 100000 1446 1830 100000 149 1891 873 100000 100000 100000 453 1554 773 106 1901 223 100000 528 1238 1620 765 14 965 
1609 372 100000 213 1715 1928 1209 368 475 104 708 265 1228 249 385 157 1775 761 1664 642 411 1879 94 648 308 1061 1370 100000 1639 295 110 1972 100000 613 1914 754 100000 1932 1091 1003 100000 93 100000 100000 100000 100000 100000 473 1440 972 480 923 644 168 1283 1361 361 1867 1439 1296 
853 1351 370 100000 1630 585 1258 1561 609 310 346 958 1852 1819 1359 100000 1571 55 100000 1736 1645 686 100000 702 100000 826 1602 159 1784 100000 879 1452 833 1247 35 1622 1485 100000 1894 100000 252 1701 1291 100000 167 453 473 100000 100000 743 1121 494 751 100000 1846 1487 1368 100000 100000 1281 
82 100000 1475 544 1851 931 569 723 351 100000 100000 100000 1959 831 1727 100000 716 145 100000 1948 100000 719 100000 1512 1684 154 799 1700 100000 100000 1081 54 802 100000 1156 1284 650 1998 1343 693 407 995 100000 1208 100000 1554 1440 100000 100000 936 1940 1837 1427 100000 100000 1815 100000 100000 1054 1502 
100000 100000 280 902 100000 100000 1952 454 1330 1990 100000 746 564 318 1599 1811 669 50 1243 750 100000 1752 1506 1261 100000 704 100000 181 1911 1057 316 1101 991 100000 21 281 1076 945 383 193 100000 850 100000 1455 439 773 972 743 936 100000 1112 1407 100000 102 779 100000 1090 117 506 1754 
1031 1900 100000 1055 100000 434 100000 581 1675 476 1929 744 100000 1287 1471 1996 100000 1827 987 100000 191 1814 74 1385 573 956 749 513 1805 934 100000 698 100000 100000 1785 1539 449 100000 900 196 100000 100000 19 1403 1118 106 480 1121 1940 1112 100000 1311 1634 1865 586 100000 962 1540 882 1997 
100000 1791 808 729 1668 100000 1134 1274 1834 517 1323 182 1597 653 1468 1309 1704 1712 845 841 1474 706 100000 1788 270 100000 1570 1574 1826 1498 221 1327 100000 1769 932 158 100000 1093 920 1448 1696 100000 100000 1832 1476 1901 923 494 1837 1407 1311 100000 555 911 1210 100000 1380 1874 1066 100000 
100000 100000 1590 917 1123 31 100000 960 100000 1227 1838 1621 1661 1016 100000 203 848 100000 100000 1843 381 1141 1413 1510 1500 981 488 170 1234 100000 242 905 116 1083 1771 670 256 520 142 1582 1541 966 1260 1688 408 223 644 751 1427 100000 1634 555 100000 1869 560 1266 1993 100000 1544 1739 
100000 1438 1322 1671 1265 1365 184 1507 1189 1986 100000 1903 1659 100000 1779 781 1432 100000 843 100000 1410 492 1631 733 100000 1654 940 100000 1992 1000 100000 100000 100000 634 1221 230 1233 100000 100000 418 100000 1195 100000 822 1965 100000 168 100000 100000 102 1865 911 1869 100000 9 1170 667 100000 100000 100000 
275 100000 514 100000 100000 251 235 100000 861 100000 100000 100000 489 100000 1699 1216 1619 529 100000 1339 1386 1800 664 1787 557 1960 100000 1162 415 419 974 814 100000 100000 100000 661 752 942 394 1538 461 1531 546 470 171 528 1283 1846 100000 779 586 1210 560 9 100000 759 100000 753 1137 524 
1841 481 100000 1070 672 404 340 1880 100000 100000 1242 174 774 1640 204 100000 1821 95 809 1782 1171 34 1212 1641 195 314 679 791 1379 100000 1 507 1627 100000 100000 1113 1348 72 1256 100000 1383 469 1703 859 100000 1238 1361 1487 1815 100000 100000 100000 1266 1170 759 100000 100000 1526 1173 100000 
99 337 1126 512 1084 1423 267 81 79 100000 100000 1919 1230 1458 838 797 100000 1629 46 49 1421 527 1549 718 880 1408 100000 100000 1288 1479 1218 215 1302 100000 1139 100000 1535 342 26 624 100000 358 756 100000 1207 1620 361 1368 100000 1090 962 1380 1993 667 100000 100000 100000 724 100000 892 
1610 276 231 100000 795 435 829 1077 100000 1400 740 100000 239 225 100000 813 121 190 431 261 541 100000 429 100000 100000 1646 792 100000 1166 331 694 1759 1235 1934 1553 786 425 1222 238 523 100000 674 100000 100000 406 765 1867 100000 100000 117 1540 1874 100000 100000 753 1526 724 100000 1555 323 
604 1566 1321 800 1578 64 1252 350 360 100000 0 28 100000 1548 1922 1110 100000 1095 1617 100000 100000 1958 300 13 738 100000 253 726 1418 100000 844 1936 784 100000 1562 100000 100000 914 1899 866 100000 847 955 152 944 14 1439 100000 1054 506 882 1066 1544 100000 1137 1173 100000 1555 100000 100000 
978 100000 715 1842 374 100000 1612 100000 100000 1492 1649 1524 1014 218 1875 1275 1939 1995 100000 566 1009 100000 1692 1267 100000 1994 1550 1314 10 100000 862 100000 1493 1546 1586 690 1883 1001 100000 1201 578 100000 100000 595 1426 965 1296 1281 1502 1754 1997 100000 1739 100000 524 100000 892 323 100000 100000 
