14
100000 175 43 106 138 161 100000 2 100000 82 4 100000 62 198 
175 100000 100000 184 162 100000 85 100000 1 160 100000 81 40 15 
43 100000 100000 197 122 100000 77 104 96 100000 29 100000 19 65 
106 184 197 100000 93 108 167 27 94 100000 100000 125 173 192 
138 162 122 93 100000 86 55 72 100000 110 47 113 195 100000 
161 100000 100000 108 86 100000 25 46 176 182 121 67 87 149 
100000 85 77 167 55 25 100000 193 119 100000 115 52 145 6 
2 100000 104 27 72 46 193 100000 169 172 127 100000 124 51 
100000 1 96 94 100000 176 119 169 100000 74 150 112 79 157 
82 160 100000 100000 110 182 100000 172 74 100000 3 153 120 36 
4 100000 29 100000 47 121 115 127 150 3 100000 168 123 61 
100000 81 100000 125 113 67 52 100000 112 153 168 100000 100000 132 
62 40 19 173 195 87 145 124 79 120 123 100000 100000 54 
198 15 65 192 100000 149 6 51 157 36 61 132 54 100000 
