9
100000 100000 6 46 75 9 2 100000 100000 
100000 100000 100000 100000 48 97 91 99 41 
6 100000 100000 84 100000 100000 90 69 100000 
46 100000 84 100000 100000 57 100000 94 83 
75 48 100000 100000 100000 34 86 64 27 
9 97 100000 57 34 100000 38 51 89 
2 91 90 100000 86 38 100000 35 52 
100000 99 69 94 64 51 35 100000 24 
100000 41 100000 83 27 89 52 24 100000 
