50
100000 692 1154 100000 1016 359 930 93 458 1666 1317 1789 901 1443 285 100000 273 438 100000 100000 1021 100000 152 100000 1693 67 100000 100000 753 959 293 1760 100000 100000 1417 465 100000 1535 1525 911 1465 626 1114 1888 1056 1434 100000 796 1849 1978 
692 100000 1850 617 100000 123 1111 541 1355 1761 311 151 554 1060 100000 1710 511 1248 1971 1064 1905 1998 100000 1570 100000 904 16 363 100000 922 927 1344 100000 450 100000 1485 1856 25 507 873 829 1078 153 197 706 100000 183 140 1168 1779 
1154 1850 100000 610 1956 181 1424 1204 100000 1556 1584 100000 100000 1524 315 1552 100000 1174 1612 344 1363 1190 100000 1695 1984 1559 1679 1303 100000 1930 100000 263 100000 1458 1080 125 595 1350 150 100000 758 100000 21 100000 1935 100000 1817 987 100000 1071 
100000 617 610 100000 113 785 853 100000 705 100000 749 100000 100000 825 100000 171 1742 100000 931 1106 1112 215 869 1608 1537 1169 1339 1660 100000 28 100000 1098 833 100000 1161 100000 738 1531 100000 572 624 1127 1639 1201 219 100000 468 1387 1441 941 
1016 100000 1956 113 100000 1030 1683 400 100000 523 100000 984 481 1955 1717 1145 1464 628 1977 100000 100000 707 393 1249 100000 1897 1198 446 100000 656 864 1337 477 1290 480 899 657 846 1372 1587 1997 100000 616 100000 895 1753 1450 781 117 1300 
359 123 181 785 1030 100000 178 576 953 100000 33 387 812 1381 1949 590 190 100000 726 100000 201 100000 100000 421 45 294 1549 1825 1422 1336 100000 38 80 1233 702 1085 321 100000 1282 100000 1716 100000 1898 1341 1385 1299 100000 100000 101 100000 
930 1111 1424 853 1683 178 100000 100000 100000 1230 100000 401 1362 1942 100000 100000 1211 1795 267 100000 100000 1617 1067 100000 100000 435 100000 100000 848 1010 1472 100000 1310 1498 100000 100000 1746 1615 384 767 1104 818 100000 1360 469 100000 623 100000 46 494 
93 541 1204 100000 400 576 100000 100000 559 449 100000 138 100000 905 826 71 100000 43 654 100000 100000 989 1696 637 100000 1322 100000 100000 100000 582 1771 849 1526 1877 173 1520 1348 1950 1123 100000 1735 1743 404 120 1815 1720 1151 188 618 147 
458 1355 100000 705 100000 953 100000 559 100000 675 100000 100000 1409 100000 774 442 35 630 1251 100000 100000 100000 431 1158 1484 100000 100000 277 1632 100000 100000 100000 100000 100000 100000 1266 1426 1595 1062 100000 1673 1878 100000 1754 100000 1327 1384 653 1088 919 
1666 1761 1556 100000 523 100000 1230 449 675 100000 1662 811 174 374 433 913 1304 771 1756 1379 245 316 860 1117 942 110 1093 691 1932 100000 573 100000 334 100000 100000 460 1087 1193 436 284 340 1288 545 1452 100000 1517 1851 1807 608 1859 
1317 311 1584 749 100000 33 100000 100000 100000 1662 100000 100000 980 966 100000 348 944 1548 100000 196 521 313 1440 1500 1772 100000 682 648 1563 1891 351 100000 100000 158 100000 1202 670 136 1039 100000 1540 395 1338 229 259 696 260 1376 100000 867 
1789 151 100000 100000 984 387 401 138 100000 811 100000 100000 40 909 462 547 100000 100000 1234 1580 584 1797 1216 1590 100000 716 1676 1925 88 100000 1159 1491 744 280 100000 1678 577 1609 1530 100000 100000 100000 1538 665 100000 276 1844 100000 1544 773 
901 554 100000 100000 481 812 1362 100000 1409 174 980 40 100000 1454 100000 1774 1623 252 100000 958 100000 1268 1373 1191 1446 575 1380 154 20 728 1351 940 100000 1150 156 1990 917 1356 1653 100000 100000 755 1749 205 1126 1358 100000 1554 112 1172 
1443 1060 1524 825 1955 1381 1942 905 100000 374 966 909 1454 100000 1907 1205 1453 256 936 684 1830 1330 301 1082 100000 1319 1708 1918 1725 177 768 789 810 878 1399 92 100000 100000 787 100000 636 1036 247 914 1262 100000 1255 366 1672 100000 
285 100000 315 100000 1717 1949 100000 826 774 433 100000 462 100000 1907 100000 804 1508 994 1164 764 721 1118 875 100000 78 100000 100000 1110 1442 529 967 367 1893 1061 121 324 747 100000 1177 1239 100000 352 1252 1776 100000 100000 100000 282 907 103 
100000 1710 1552 171 1145 590 100000 71 442 913 348 547 1774 1205 804 100000 961 100000 662 100000 100000 1541 376 976 1846 378 562 1616 100000 94 1599 530 100000 100000 1493 1474 1626 855 1496 594 496 224 1296 100000 100000 1013 54 130 100000 1914 
273 511 100000 1742 1464 190 1211 100000 35 1304 944 100000 1623 1453 1508 961 100000 100000 1611 100000 817 100000 1704 37 226 1270 175 1429 783 100000 685 63 1402 182 889 100000 1140 1516 1865 100000 837 627 851 90 100000 1295 647 1447 100000 100000 
438 1248 1174 100000 628 100000 1795 43 630 771 1548 100000 252 256 994 100000 100000 100000 100000 1391 1523 129 1861 1536 255 1747 1620 1003 1661 1027 100000 548 1703 162 51 542 275 287 924 1521 100000 100000 1814 772 444 1019 100000 1100 504 1347 
100000 1971 1612 931 1977 726 267 654 1251 1756 100000 1234 100000 936 1164 662 1611 100000 100000 659 1740 455 100000 635 1920 1606 100000 1066 1141 1287 1502 872 1354 1157 145 1872 1954 1375 1848 926 1979 1180 100000 1929 100000 100000 447 100000 569 19 
100000 1064 344 1106 100000 100000 100000 100000 100000 1379 196 1580 958 684 764 100000 100000 1391 659 100000 320 1568 1285 476 579 100000 289 370 100000 1855 100000 100000 100000 902 1054 452 306 86 892 1460 1359 649 100000 1332 506 614 243 105 1864 1828 
1021 1905 1363 1112 100000 201 100000 100000 100000 245 521 584 100000 1830 721 100000 817 1523 1740 320 100000 596 1576 645 715 100000 1510 1224 379 885 100000 1357 336 212 1132 26 815 100000 1555 100000 100000 1393 377 155 838 176 100000 216 169 100000 
100000 1998 1190 215 707 100000 1617 989 100000 316 313 1797 1268 1330 1118 1541 100000 129 455 1568 596 100000 809 947 896 1917 297 714 100000 100000 673 619 10 100000 1707 98 1651 640 526 852 100000 1577 1812 100000 100000 1197 1529 49 100000 61 
152 100000 100000 869 393 100000 1067 1696 431 860 1440 1216 1373 301 875 376 1704 1861 100000 1285 1576 809 100000 57 1017 1408 148 1089 1109 585 560 1561 307 100000 1996 1445 270 699 461 1787 1058 1902 850 1274 1796 100000 1331 884 100000 100000 
100000 1570 1695 1608 1249 421 100000 637 1158 1117 1500 1590 1191 1082 100000 976 37 1536 635 476 645 947 57 100000 213 641 1890 100000 79 13 139 1751 75 50 1944 1329 100000 567 429 739 100000 1840 1466 1591 100000 1783 100000 100000 100000 1052 
1693 100000 1984 1537 100000 45 100000 100000 1484 942 1772 100000 1446 100000 78 1846 226 255 1920 579 715 896 1017 213 100000 1243 251 1342 100000 428 792 639 1276 1227 501 1657 1837 100000 100000 100000 62 1934 100000 1497 1583 100000 5 698 1737 759 
67 904 1559 1169 1897 294 435 1322 100000 110 100000 716 575 1319 100000 378 1270 1747 1606 100000 100000 1917 1408 641 1243 100000 1727 100000 100000 780 317 329 1684 1228 1167 100000 937 39 1833 934 998 100000 478 1946 261 1031 279 1589 1212 1259 
100000 16 1679 1339 1198 1549 100000 100000 100000 1093 682 1676 1380 1708 100000 562 175 1620 100000 289 1510 297 148 1890 251 1727 100000 100000 64 1785 725 1682 448 100000 786 1247 100000 948 1957 1044 991 790 100000 100000 1734 100000 466 100000 1829 22 
100000 363 1303 1660 446 1825 100000 100000 277 691 648 1925 154 1918 1110 1616 1429 1003 1066 370 1224 714 1089 100000 1342 100000 100000 100000 1607 0 1757 100000 1974 1945 134 1133 1250 1691 754 100000 100000 1921 642 1108 100000 100000 100000 1131 910 422 
753 100000 100000 100000 100000 1422 848 100000 1632 1932 1563 88 20 1725 1442 100000 783 1661 1141 100000 379 100000 1109 79 100000 100000 64 1607 100000 100000 1755 1221 100000 349 700 1876 540 1390 1794 100000 322 574 100000 100000 600 1874 1752 100000 1209 1269 
959 922 1930 28 656 1336 1010 582 100000 100000 1891 100000 728 177 529 94 100000 1027 1287 1855 885 100000 585 13 428 780 1785 0 100000 100000 100000 419 100000 1278 1101 1271 100000 1041 678 803 1026 228 100000 1475 1991 100000 1099 100000 1459 615 
293 927 100000 100000 864 100000 1472 1771 100000 573 351 1159 1351 768 967 1599 685 100000 1502 100000 100000 673 560 139 792 317 725 1757 1755 100000 100000 1046 1547 365 1222 1803 479 330 1428 1969 100000 799 1780 100000 1084 100000 170 1569 100000 733 
1760 1344 263 1098 1337 38 100000 849 100000 100000 100000 1491 940 789 367 530 63 548 872 100000 1357 619 1561 1751 639 329 1682 100000 1221 419 1046 100000 100000 1449 100000 1847 56 100000 1573 230 100000 1302 1237 100000 100000 693 1343 100000 180 100000 
100000 100000 100000 833 477 80 1310 1526 100000 334 100000 744 100000 810 1893 100000 1402 1703 1354 100000 336 10 307 75 1276 1684 448 1974 100000 100000 1547 100000 100000 1260 1479 1687 1631 430 1988 164 100000 1294 1148 100000 779 857 471 960 1308 100000 
100000 450 1458 100000 1290 1233 1498 1877 100000 100000 158 280 1150 878 1061 100000 182 162 1157 902 212 100000 100000 50 1227 1228 100000 1945 349 1278 365 1449 1260 100000 100000 1461 47 929 1870 1231 187 782 1931 1659 775 191 1024 1575 100000 1686 
1417 100000 1080 1161 480 702 100000 173 100000 100000 100000 100000 156 1399 121 1493 889 51 145 1054 1132 1707 1996 1944 501 1167 786 134 700 1101 1222 100000 1479 100000 100000 1881 100000 546 137 100000 1316 100000 100000 122 100000 807 457 184 1994 1405 
465 1485 125 100000 899 1085 100000 1520 1266 460 1202 1678 1990 92 324 1474 100000 542 1872 452 26 98 1445 1329 1657 100000 1247 1133 1876 1271 1803 1847 1687 1461 1881 100000 100000 1153 100000 1886 664 166 1476 1413 100000 100000 100000 1420 492 73 
100000 1856 595 738 657 321 1746 1348 1426 1087 670 577 917 100000 747 1626 1140 275 1954 306 815 1651 270 100000 1837 937 100000 1250 540 100000 479 56 1631 47 100000 100000 100000 1813 1597 100000 100000 1635 1068 535 1214 331 1012 1326 100000 100000 
1535 25 1350 1531 846 100000 1615 1950 1595 1193 136 1609 1356 100000 100000 855 1516 287 1375 86 100000 640 699 567 100000 39 948 1691 1390 1041 330 100000 430 929 546 1153 1813 100000 100000 1671 836 1698 100000 333 1103 100000 1941 100000 935 1178 
1525 507 150 100000 1372 1282 384 1123 1062 436 1039 1530 1653 787 1177 1496 1865 924 1848 892 1555 526 461 429 100000 1833 1957 754 1794 678 1428 1573 1988 1870 137 100000 1597 100000 100000 100000 100000 499 1964 686 100000 997 1473 100000 1281 100000 
911 873 100000 572 1587 100000 767 100000 100000 284 100000 100000 100000 100000 1239 594 100000 1521 926 1460 100000 852 1787 739 100000 934 1044 100000 100000 803 1969 230 164 1231 100000 1886 100000 1671 100000 100000 397 1102 233 1601 1593 1853 100000 207 1264 408 
1465 829 758 624 1997 1716 1104 1735 1673 340 1540 100000 100000 636 100000 496 837 100000 1979 1359 100000 100000 1058 100000 62 998 991 100000 322 1026 100000 100000 100000 187 1316 664 100000 836 100000 397 100000 1505 100000 346 100000 634 520 1823 999 769 
626 1078 100000 1127 100000 100000 818 1743 1878 1288 395 100000 755 1036 352 224 627 100000 1180 649 1393 1577 1902 1840 1934 100000 790 1921 574 228 799 1302 1294 782 100000 166 1635 1698 499 1102 1505 100000 473 338 59 522 127 932 100000 591 
1114 153 21 1639 616 1898 100000 404 100000 545 1338 1538 1749 247 1252 1296 851 1814 100000 100000 377 1812 850 1466 100000 478 100000 642 100000 100000 1780 1237 1148 1931 100000 1476 1068 100000 1964 233 100000 473 100000 1002 1047 921 1477 100000 802 1981 
1888 197 100000 1201 100000 1341 1360 120 1754 1452 229 665 205 914 1776 100000 90 772 1929 1332 155 100000 1274 1591 1497 1946 100000 1108 100000 1475 100000 100000 100000 1659 122 1413 535 333 686 1601 346 338 1002 100000 81 100000 100000 69 1689 463 
1056 706 1935 219 895 1385 469 1815 100000 100000 259 100000 1126 1262 100000 100000 100000 444 100000 506 838 100000 1796 100000 1583 261 1734 100000 600 1991 1084 100000 779 775 100000 100000 1214 1103 100000 1593 100000 59 1047 81 100000 15 100000 1940 100000 1726 
1434 100000 100000 100000 1753 1299 100000 1720 1327 1517 696 276 1358 100000 100000 1013 1295 1019 100000 614 176 1197 100000 1783 100000 1031 100000 100000 1874 100000 100000 693 857 191 807 100000 331 100000 997 1853 634 522 921 100000 15 100000 100000 100000 100000 100000 
100000 183 1817 468 1450 100000 623 1151 1384 1851 260 1844 100000 1255 100000 54 647 100000 447 243 100000 1529 1331 100000 5 279 466 100000 1752 1099 170 1343 471 1024 457 100000 1012 1941 1473 100000 520 127 1477 100000 100000 100000 100000 100000 727 385 
796 140 987 1387 781 100000 100000 188 653 1807 1376 100000 1554 366 282 130 1447 1100 100000 105 216 49 884 100000 698 1589 100000 1131 100000 100000 1569 100000 960 1575 184 1420 1326 100000 100000 207 1823 932 100000 69 1940 100000 100000 100000 1025 1592 
1849 1168 100000 1441 117 101 46 618 1088 608 100000 1544 112 1672 907 100000 100000 504 569 1864 169 100000 100000 100000 1737 1212 1829 910 1209 1459 100000 180 1308 100000 1994 492 100000 935 1281 1264 999 100000 802 1689 100000 100000 727 1025 100000 843 
1978 1779 1071 941 1300 100000 494 147 919 1859 867 773 1172 100000 103 1914 100000 1347 19 1828 100000 61 100000 1052 759 1259 22 422 1269 615 733 100000 100000 1686 1405 73 100000 1178 100000 408 769 591 1981 463 1726 100000 385 1592 843 100000 
