30
100000 852 100000 1609 100000 1466 736 100000 1426 100000 100000 20 1238 1946 50 782 100000 100000 1117 1288 962 558 1386 1350 181 100000 100000 87 864 1603 
852 100000 988 1390 662 1909 489 100000 100000 100000 100000 1632 135 100000 100000 177 1635 8 387 1080 100000 1085 58 992 100000 665 837 1565 100000 1996 
100000 988 100000 1057 100000 1677 100000 1660 100000 100000 1631 1793 1779 100000 1664 3 488 599 551 100000 100000 1857 526 415 100000 5 1416 84 666 98 
1609 1390 1057 100000 100000 1356 100000 100000 1918 577 15 862 1412 1366 100000 1234 1822 1351 1626 796 1891 1400 945 1077 132 1890 1172 1126 667 1718 
100000 662 100000 100000 100000 1949 1360 100000 669 356 100000 454 958 397 1131 728 1203 100000 940 100000 893 100000 100000 1156 1140 1642 511 100000 75 885 
1466 1909 1677 1356 1949 100000 1497 43 100000 459 991 617 824 100000 917 1845 1270 100000 739 1197 444 1570 1960 1372 67 100000 100000 1044 529 1807 
736 489 100000 100000 1360 1497 100000 1129 18 1874 1278 1502 100000 348 100000 633 938 35 1911 100000 100000 1545 1702 100000 13 231 100000 684 647 100000 
100000 100000 1660 100000 100000 43 1129 100000 1458 100000 100000 650 100000 100000 1196 351 1262 116 1704 657 100000 152 1670 106 1958 449 953 1457 1684 100000 
1426 100000 100000 1918 669 100000 18 1458 100000 1254 289 1768 100000 233 1045 709 840 100000 1476 1192 1189 343 1047 1859 100000 545 100000 100000 196 100000 
100000 100000 100000 577 356 459 1874 100000 1254 100000 326 1662 100000 1950 696 863 589 100000 100000 1048 947 809 968 100000 1877 1294 1010 1482 100000 592 
100000 100000 1631 15 100000 991 1278 100000 289 326 100000 100000 630 1557 100000 136 302 1450 1535 100000 1920 905 1927 100000 111 560 269 392 1546 964 
20 1632 1793 862 454 617 1502 650 1768 1662 100000 100000 1577 447 342 907 100000 1133 100000 100000 653 1618 887 1945 1853 1316 100000 1951 948 486 
1238 135 1779 1412 958 824 100000 100000 100000 100000 630 1577 100000 168 506 100000 248 480 1991 42 100000 4 411 620 1387 313 1752 727 1115 100000 
1946 100000 100000 1366 397 100000 348 100000 233 1950 1557 447 168 100000 1454 100000 1304 100000 1560 100000 1706 1032 100000 100000 285 82 1999 335 100000 1033 
50 100000 1664 100000 1131 917 100000 1196 1045 696 100000 342 506 1454 100000 1953 1675 100000 854 530 502 607 1721 712 100000 208 1425 1427 918 100000 
782 177 3 1234 728 1845 633 351 709 863 136 907 100000 100000 1953 100000 1078 31 583 100000 915 535 1719 1058 100000 1151 14 1190 1230 794 
100000 1635 488 1822 1203 1270 938 1262 840 589 302 100000 248 1304 1675 1078 100000 100000 1671 176 100000 100000 100000 328 2000 100000 1323 1462 100000 100000 
100000 8 599 1351 100000 100000 35 116 100000 100000 1450 1133 480 100000 100000 31 100000 100000 1494 1469 460 437 946 1711 1487 1277 1760 100000 1775 318 
1117 387 551 1626 940 739 1911 1704 1476 100000 1535 100000 1991 1560 854 583 1671 1494 100000 100000 94 1922 1816 802 1403 1504 1025 482 100000 100000 
1288 1080 100000 796 100000 1197 100000 657 1192 1048 100000 100000 42 100000 530 100000 176 1469 100000 100000 1595 751 100000 100000 706 1934 926 1284 100000 621 
962 100000 100000 1891 893 444 100000 100000 1189 947 1920 653 100000 1706 502 915 100000 460 94 1595 100000 352 55 965 100000 638 1472 685 100000 1908 
558 1085 1857 1400 100000 1570 1545 152 343 809 905 1618 4 1032 607 535 100000 437 1922 751 352 100000 611 1750 1175 100000 1184 1937 1248 193 
1386 58 526 945 100000 1960 1702 1670 1047 968 1927 887 411 100000 1721 1719 100000 946 1816 100000 55 611 100000 615 1585 1137 485 160 1180 388 
1350 992 415 1077 1156 1372 100000 106 1859 100000 100000 1945 620 100000 712 1058 328 1711 802 100000 965 1750 615 100000 1969 1743 322 1121 414 209 
181 100000 100000 132 1140 67 13 1958 100000 1877 111 1853 1387 285 100000 100000 2000 1487 1403 706 100000 1175 1585 1969 100000 730 1101 100000 344 100000 
100000 665 5 1890 1642 100000 231 449 545 1294 560 1316 313 82 208 1151 100000 1277 1504 1934 638 100000 1137 1743 730 100000 1884 1165 1028 1158 
100000 837 1416 1172 511 100000 100000 953 100000 1010 269 100000 1752 1999 1425 14 1323 1760 1025 926 1472 1184 485 322 1101 1884 100000 427 857 1828 
87 1565 84 1126 100000 1044 684 1457 100000 1482 392 1951 727 335 1427 1190 1462 100000 482 1284 685 1937 160 1121 100000 1165 427 100000 100000 100000 
864 100000 666 667 75 529 647 1684 196 100000 1546 948 1115 100000 918 1230 100000 1775 100000 100000 100000 1248 1180 414 344 1028 857 100000 100000 955 
1603 1996 98 1718 885 1807 100000 100000 100000 592 964 486 100000 1033 100000 794 100000 318 100000 621 1908 193 388 209 100000 1158 1828 100000 955 100000 
