70
100000 3728 1713 2555 1673 1792 896 100000 100000 3254 3149 100000 2877 61 2934 100000 4567 100000 4070 347 2437 1557 100000 153 162 764 2021 2671 3570 4327 938 315 4774 2705 100000 1246 100000 3096 1034 2531 2664 100000 3358 1697 100000 3615 4596 100000 831 4734 3493 100000 117 1874 4836 100000 100000 3719 3845 3649 4523 564 100000 86 772 100000 100000 100000 4646 702 
3728 100000 3220 2499 100000 4511 100000 1165 2365 100000 3159 1825 100000 1270 2991 3298 3880 3730 4941 100000 100000 100000 2776 100000 100000 1339 761 4412 1264 3874 248 3249 4092 4804 2385 2464 3240 4670 4604 3936 100000 10 100000 3205 274 2118 1269 1787 4631 2217 100000 100000 844 1811 1977 100000 1268 4480 787 3773 1689 1352 2276 100000 686 1185 252 3545 266 1539 
1713 3220 100000 100000 100000 1905 100000 3512 2317 4793 671 2392 3757 100000 3722 171 100000 1403 3329 2790 1180 100000 1072 100000 100000 2175 100000 100000 4300 100000 1625 4816 100000 2837 959 2020 213 100000 3644 4168 2252 100000 2747 254 1321 3636 3000 100000 2889 100000 4701 3210 4052 100000 1486 100000 1371 1749 100000 100000 2750 1663 100000 119 4393 3055 100000 100000 253 1943 
2555 2499 100000 100000 2643 100000 4077 168 100000 3433 914 3136 3057 100000 956 100000 991 2403 100000 1385 3989 100000 100000 689 1152 1292 4984 78 1427 3571 100000 4890 4959 4710 2592 4114 2045 960 3942 100000 3024 2929 668 92 1517 3794 2387 4110 1230 598 100000 1653 1351 100000 4855 4763 1147 100000 100000 100000 3892 4993 100000 100000 100000 4803 624 2391 1667 1940 
1673 100000 100000 2643 100000 100000 100000 698 3003 4098 1426 100000 368 3525 4847 4561 2995 400 4883 2119 294 100000 4234 3074 1840 4730 4530 100000 188 1594 4088 3185 2802 4827 3573 2478 1529 3491 1145 3125 4414 1025 2206 3970 100000 4444 4812 4986 981 4163 3564 100000 193 3755 100000 2023 1254 642 4073 2261 1966 2696 1433 4522 100000 878 675 2312 3247 158 
1792 4511 1905 100000 100000 100000 100000 429 480 100000 4961 100000 1395 3504 3078 3558 3883 185 2509 100000 219 3891 100000 4147 3756 100000 726 1711 3393 3195 3387 740 100000 4116 1150 100000 100000 3480 100000 100000 530 100000 2778 1021 4205 3901 2748 2596 100000 2553 2243 100000 3591 1410 4359 1340 724 207 3628 4265 2833 374 100000 3621 100000 683 2026 4136 3742 2862 
896 100000 100000 4077 100000 100000 100000 100000 100000 2279 869 100000 2080 1683 291 3086 3442 2358 1976 1113 100000 4616 3958 100000 2127 3842 25 2506 3614 100000 100000 4882 355 3947 1357 341 4152 2139 100000 4574 2318 2310 676 100000 2059 100000 4637 576 100000 2492 1614 3032 100000 100000 2901 795 1916 982 1843 100000 1467 3470 3090 4492 4608 1967 822 2162 1261 100000 
100000 1165 3512 168 698 429 100000 100000 100000 1996 1257 100000 75 2219 100000 100000 2975 2224 100000 100000 2715 1176 3408 1680 1677 4175 2246 1708 100000 100000 100000 100000 4649 3854 3221 100000 100000 100000 4751 4818 3294 517 100000 3476 4350 100000 3103 2141 100000 2447 4065 653 4760 2838 100000 100000 2384 2047 1393 100000 15 3460 3489 2255 100000 1864 1149 3170 100000 4386 
100000 2365 2317 100000 3003 480 100000 100000 100000 3361 3284 100000 3182 100000 859 501 234 4878 190 100000 1822 1734 1961 100000 1315 100000 100000 3146 100000 100000 100000 100000 3584 4582 4303 1038 1948 1971 100000 3904 4328 100000 100000 410 378 1438 1055 2647 100000 4940 2034 105 1136 456 3467 100000 100000 1093 100000 593 2100 2111 100000 100000 100000 3820 2641 100000 1875 4621 
3254 100000 4793 3433 4098 100000 2279 1996 3361 100000 854 4297 100000 2198 1128 1164 3443 3841 1459 100000 3160 3276 2878 2979 2218 1209 4794 4180 318 1990 3710 3643 3215 812 1026 4892 2985 2603 2104 2084 100000 1443 100000 110 3746 3015 2568 2313 100000 100000 1161 793 4409 3965 100000 1498 2259 4939 1602 3575 4612 100000 364 3116 616 4693 4021 475 4914 100000 
3149 3159 671 914 1426 4961 869 1257 3284 854 100000 3225 1863 570 100000 3508 2389 4490 100000 3368 1383 2590 2196 100000 135 1648 100000 3916 4979 4988 4663 228 1712 4112 195 100000 1204 3224 2282 100000 4372 273 2236 3419 487 100000 100000 3937 1298 2189 1191 4345 4857 3013 100000 1137 5 100000 4770 567 100000 3265 4867 100000 4807 100000 100000 685 3978 4154 
100000 1825 2392 3136 100000 100000 100000 100000 100000 4297 3225 100000 100000 1195 3293 3169 100000 100000 3213 100000 837 2153 406 2237 4755 100000 4698 4520 531 4767 4129 3542 4275 100000 3466 100000 100000 677 1250 2409 3566 983 835 4034 100000 100000 3822 4660 4738 1537 443 100000 1391 93 100000 1419 2211 2170 100000 100000 100000 4589 100000 4453 100000 3461 4705 4219 4250 3031 
2877 100000 3757 3057 368 1395 2080 75 3182 100000 1863 100000 100000 100000 2185 4165 2455 100000 3157 1356 100000 1213 100000 2783 2357 100000 100000 100000 4055 3786 1709 4404 717 3870 373 1791 100000 4450 608 100000 2071 1404 4628 100000 100000 3469 4543 3827 100000 2228 575 4887 4484 3954 1720 100000 100000 2423 659 4553 3431 2234 2371 100000 2416 907 2571 4562 100000 1894 
61 1270 100000 100000 3525 3504 1683 2219 100000 2198 570 1195 100000 100000 2980 100000 369 100000 100000 3379 3602 100000 541 4908 100000 4800 28 1059 4546 4996 48 348 3603 100000 11 1814 3995 4401 3436 316 3651 774 100000 3653 279 2939 100000 100000 1649 4268 2145 3444 100000 4094 100000 100000 3376 4848 2 100000 2069 100000 2867 2769 906 1475 4137 3665 339 1243 
2934 2991 3722 956 4847 3078 291 100000 859 1128 100000 3293 2185 2980 100000 2806 529 4697 2817 3917 1668 2451 100000 100000 1123 1907 421 108 100000 3988 3147 2595 3239 100000 100000 100000 3607 3447 336 1068 3858 4879 997 159 3568 100000 100000 2870 100000 447 2894 100000 1041 37 100000 3370 1158 2325 3184 100000 100000 1862 1583 1355 4140 4020 4271 2627 1652 4179 
100000 3298 171 100000 4561 3558 3086 100000 501 1164 3508 3169 4165 100000 2806 100000 100000 4287 4423 100000 1205 100000 3957 267 2572 3990 3882 4922 1692 2027 3007 100000 4526 1700 494 32 3563 1552 1096 2954 3332 818 3531 1661 1600 2151 1330 3509 257 985 3395 100000 100000 1778 3064 590 100000 100000 1534 1288 2764 1271 24 4099 4217 4441 4243 2773 2673 299 
4567 3880 100000 991 2995 3883 3442 2975 234 3443 2389 100000 2455 369 529 100000 100000 2293 100000 100000 100000 1630 762 1325 3725 4823 1027 2791 2444 100000 2356 2660 100000 100000 4552 1413 3873 231 2129 100000 100000 2763 1344 100000 591 3522 1217 4875 2736 100000 1886 3567 100000 1370 100000 2329 1968 1969 140 2152 4833 3354 143 3166 809 100000 1367 2986 100000 3897 
100000 3730 1403 2403 400 185 2358 2224 4878 3841 4490 100000 100000 100000 4697 4287 2293 100000 1483 2484 1500 2002 2725 2728 100000 100000 3606 3137 100000 2542 2114 1481 1806 100000 757 4131 1830 4773 925 100000 100000 518 2707 100000 2727 4559 583 100000 76 2693 100000 100000 100000 1405 100000 743 798 100000 100000 100000 2993 100000 2594 3561 2976 100000 970 466 261 100000 
4070 4941 3329 100000 4883 2509 1976 100000 190 1459 100000 3213 3157 100000 2817 4423 100000 1483 100000 100000 2860 4761 343 100000 1108 100000 4089 1058 1065 4997 1872 2123 4630 4106 3875 2543 3579 884 1399 4515 353 426 100000 100000 100000 450 4902 1387 100000 1504 270 4224 1813 100000 4483 1132 4542 100000 297 1040 100000 3819 100000 3744 4835 941 4638 4170 1366 218 
347 100000 2790 1385 2119 100000 1113 100000 100000 100000 3368 100000 1356 3379 3917 100000 100000 2484 100000 100000 1883 1980 1442 1280 1691 4999 285 1796 2091 2400 100000 3435 4254 100000 100000 2494 1723 4727 3271 1299 360 2095 2241 65 3862 100000 4462 509 100000 1853 4933 3439 3029 3724 2337 4216 2227 4314 4151 100000 187 100000 221 4873 4859 1933 3912 833 2612 4587 
2437 100000 1180 3989 294 219 100000 2715 1822 3160 1383 837 100000 3602 1668 1205 100000 1500 2860 1883 100000 4237 100000 2097 3334 100000 3290 3946 765 4592 2016 2044 3262 460 4486 820 100000 1640 3456 2864 1728 100000 4563 1227 3237 157 100000 1698 100000 4951 1909 4923 1818 2653 3196 1636 3997 3188 2587 4733 2297 100000 2273 3348 2482 922 100000 100000 4785 3434 
1557 100000 100000 100000 100000 3891 4616 1176 1734 3276 2590 2153 1213 100000 2451 100000 1630 2002 4761 1980 4237 100000 100000 4688 832 2076 2199 4206 1696 3073 1053 4973 3846 100000 719 100000 440 445 729 2184 100000 100000 100000 265 1598 100000 2885 100000 4815 100000 4013 100000 100000 1418 4291 3085 3932 1140 433 100000 4963 100000 100000 3373 100000 4926 1369 874 3748 2672 
100000 2776 1072 100000 4234 100000 3958 3408 1961 2878 2196 406 100000 541 100000 3957 762 2725 343 1442 100000 100000 100000 4320 100000 3959 2659 100000 4691 100000 2144 3117 22 100000 3268 3941 1061 2512 100000 3693 3703 100000 100000 100000 3502 100000 4841 805 264 3922 1584 100000 100000 771 851 100000 3148 388 3458 1860 1882 996 759 4916 2562 4369 1090 1678 382 100000 
153 100000 100000 689 3074 4147 100000 1680 100000 2979 100000 2237 2783 4908 100000 267 1325 2728 100000 1280 2097 4688 4320 100000 100000 1022 3156 100000 1494 3328 100000 100000 3365 100000 2233 4246 3813 2361 3316 100000 2226 2644 3207 4989 100000 3145 4232 1753 100000 1389 100000 1203 4502 887 100000 100000 166 1187 644 1489 3896 3385 100000 730 3019 3831 100000 100000 3437 1522 
162 100000 100000 1152 1840 3756 2127 1677 1315 2218 135 4755 2357 100000 1123 2572 3725 100000 1108 1691 3334 832 100000 100000 100000 4899 100000 3102 100000 2102 1117 2126 2876 100000 4046 175 100000 230 4598 100000 1516 2994 1083 100000 4464 2886 1722 2035 1240 2600 100000 1291 3743 1347 1543 160 1285 2898 2558 41 4667 2214 2832 2376 2968 407 3775 479 2916 1588 
764 1339 2175 1292 4730 100000 3842 4175 100000 1209 1648 100000 100000 4800 1907 3990 4823 100000 100000 4999 100000 2076 3959 1022 4899 100000 905 4241 4745 4977 1054 100000 100000 3287 100000 100000 1764 3263 100000 100000 4111 3839 100000 876 100000 1495 4900 815 2565 100000 4146 4659 2051 100000 763 2770 181 100000 100000 100000 4044 100000 3627 1492 2446 2019 4912 3327 1047 1890 
2021 761 100000 4984 4530 726 25 2246 100000 4794 100000 4698 100000 28 421 3882 1027 3606 4089 285 3290 2199 2659 3156 100000 905 100000 1361 510 2339 243 4850 100000 2343 3171 3144 464 2077 2940 100000 3837 1884 324 2756 3402 2058 1324 3785 100000 4856 949 3481 246 100000 3312 2575 2917 100000 100000 100000 100000 4712 1102 913 4438 100000 2859 4418 100000 4757 
2671 4412 100000 78 100000 1711 2506 1708 3146 4180 3916 4520 100000 1059 108 4922 2791 3137 1058 1796 3946 4206 100000 100000 3102 4241 1361 100000 211 100000 1585 2740 2853 100000 3521 1869 2348 100000 2128 2031 100000 1249 2346 3658 4544 100000 4466 3279 3637 100000 912 4128 2684 1106 2454 100000 2000 100000 3625 100000 1802 4707 4726 100000 2075 3092 1378 100000 1871 100000 
3570 1264 4300 1427 188 3393 3614 100000 100000 318 4979 531 4055 4546 100000 1692 2444 100000 1065 2091 765 1696 4691 1494 100000 4745 510 211 100000 100000 4402 889 3721 2474 559 100000 4347 4627 3181 100000 3190 100000 2911 1287 2390 2283 1703 4358 2879 1742 3816 872 1336 100000 2230 100000 998 2079 4134 4417 2503 100000 337 2570 4465 1842 361 451 100000 3094 
4327 3874 100000 3571 1594 3195 100000 100000 100000 1990 4988 4767 3786 4996 3988 2027 100000 2542 4997 2400 4592 3073 100000 3328 2102 4977 2339 100000 100000 100000 293 3020 100000 100000 100000 100000 2988 3203 100000 100000 4781 455 308 177 100000 2739 566 703 2709 100000 4067 100000 100000 3739 3258 3311 100000 100000 100000 4613 100000 2094 2552 669 100000 3707 3415 1637 1563 100000 
938 248 1625 100000 4088 3387 100000 100000 100000 3710 4663 4129 1709 48 3147 3007 2356 2114 1872 100000 2016 1053 2144 100000 1117 1054 243 1585 4402 293 100000 2724 2037 3661 244 1042 100000 3445 1699 4395 100000 100000 4226 2998 4506 4200 836 3257 391 3539 4682 100000 1572 2007 1634 100000 2777 100000 4225 1657 2530 769 3161 3804 100000 3448 3405 100000 100000 927 
315 3249 4816 4890 3185 740 4882 100000 100000 3643 228 3542 4404 348 2595 100000 2660 1481 2123 3435 2044 4973 3117 100000 2126 100000 4850 2740 889 3020 2724 100000 3760 100000 791 2292 2529 422 4161 3061 951 620 100000 3307 3301 4798 1737 3351 100000 100000 4791 4537 3898 100000 4799 847 2369 100000 934 3551 1125 3692 3851 584 100000 100000 975 100000 100000 4903 
4774 4092 100000 4959 2802 100000 355 4649 3584 3215 1712 4275 717 3603 3239 4526 100000 1806 4630 4254 3262 3846 22 3365 2876 100000 100000 2853 3721 100000 2037 3760 100000 4653 427 1202 1551 1169 4602 3397 4545 459 3814 100000 2135 1157 4918 640 4709 3424 2677 2017 2060 100000 4532 549 100000 4387 4260 557 100000 3058 4496 1949 3464 100000 4380 622 4326 4708 
2705 4804 2837 4710 4827 4116 3947 3854 4582 812 4112 100000 3870 100000 100000 1700 100000 100000 4106 100000 460 100000 100000 100000 100000 3287 2343 100000 2474 100000 3661 100000 4653 100000 1279 100000 100000 4419 3948 1503 3867 1051 100000 1861 3876 1101 3109 3326 4735 2466 2268 3191 100000 100000 993 100000 3605 4822 1549 495 742 3985 3951 1628 100000 2062 4557 80 2925 100000 
100000 2385 959 2592 3573 1150 1357 3221 4303 1026 195 3466 373 11 100000 494 4552 757 3875 100000 4486 719 3268 2233 4046 100000 3171 3521 559 100000 244 791 427 1279 100000 2068 2449 100000 2945 3996 100000 100000 4928 2703 100000 2669 100000 100000 100000 100000 3211 3499 470 100000 100000 4861 241 100000 100000 2882 100000 3485 4068 3483 523 358 333 4204 3277 4573 
1246 2464 2020 4114 2478 100000 341 100000 1038 4892 100000 100000 1791 1814 100000 32 1413 4131 2543 2494 820 100000 3941 4246 175 100000 3144 1869 100000 100000 1042 2292 1202 100000 2068 100000 4839 100000 100000 2456 2349 4294 4185 85 100000 3940 1783 2496 4677 3608 4422 1569 100000 100000 505 3909 100000 2847 100000 4209 3189 1221 100000 100000 3834 100000 1579 2319 1571 2405 
100000 3240 213 2045 1529 100000 4152 100000 1948 2985 1204 100000 100000 3995 3607 3563 3873 1830 3579 1723 100000 440 1061 3813 100000 1764 464 2348 4347 2988 100000 2529 1551 100000 2449 4839 100000 1212 2754 849 100000 4463 1332 1441 535 2639 699 4796 100000 100000 2383 1496 3979 2090 3518 4952 100000 1685 3740 100000 100000 1615 100000 2615 100000 100000 630 100000 945 2333 
3096 4670 100000 960 3491 3480 2139 100000 1971 2603 3224 677 4450 4401 3447 1552 231 4773 884 4727 1640 445 2512 2361 230 3263 2077 100000 4627 3203 3445 422 1169 4419 100000 100000 1212 100000 4715 100000 4331 100000 100000 1807 2604 3355 2363 100000 3049 1666 402 2124 3764 3105 100000 548 1092 4869 100000 100000 100000 100000 100000 4994 100000 100000 100000 838 100000 4570 
1034 4604 3644 3942 1145 100000 100000 4751 100000 2104 2282 1250 608 3436 336 1096 2129 925 1399 3271 3456 729 100000 3316 4598 100000 2940 2128 3181 100000 1699 4161 4602 3948 2945 100000 2754 4715 100000 100000 2406 100000 100000 3780 4746 2179 1079 2395 100000 3863 3784 100000 453 2892 1118 4476 802 4937 100000 275 1121 4276 2690 50 3667 2180 723 3576 4664 2301 
2531 3936 4168 100000 3125 100000 4574 4818 3904 2084 100000 2409 100000 316 1068 2954 100000 100000 4515 1299 2864 2184 3693 100000 100000 100000 100000 2031 100000 100000 4395 3061 3397 1503 3996 2456 849 100000 100000 100000 4509 45 694 3549 2616 4072 4467 799 915 100000 4184 1155 4215 829 100000 1039 100000 1013 2275 4610 120 3314 100000 100000 100000 3121 1954 2303 4954 2683 
2664 100000 2252 3024 4414 530 2318 3294 4328 100000 4372 3566 2071 3651 3858 3332 100000 100000 353 360 1728 100000 3703 2226 1516 4111 3837 100000 3190 4781 100000 951 4545 3867 100000 2349 100000 4331 2406 4509 100000 183 100000 100000 100000 100000 4842 100000 3732 2679 100000 3141 4223 100000 4058 2294 100000 2157 2810 3183 3647 3106 4305 4868 100000 3520 2760 3844 4639 100000 
100000 10 100000 2929 1025 100000 2310 517 100000 1443 273 983 1404 774 4879 818 2763 518 426 2095 100000 100000 100000 2644 2994 3839 1884 1249 100000 455 100000 620 459 1051 100000 4294 4463 100000 100000 45 183 100000 586 2190 100000 100000 2274 100000 4040 57 100000 449 4862 4477 3726 100000 4211 100000 3260 100000 4189 3386 100000 3418 100000 100000 2780 1880 4945 722 
3358 100000 2747 668 2206 2778 676 100000 100000 100000 2236 835 4628 100000 997 3531 1344 2707 100000 2241 4563 100000 100000 3207 1083 100000 324 2346 2911 308 4226 100000 3814 100000 4928 4185 1332 100000 100000 694 100000 586 100000 4787 100000 100000 2621 2866 100000 100000 582 2508 1656 4624 2634 4064 100000 3165 4317 3894 4565 2547 3623 4063 331 1812 100000 100000 3877 3036 
1697 3205 254 92 3970 1021 100000 3476 410 110 3419 4034 100000 3653 159 1661 100000 100000 100000 65 1227 265 100000 4989 100000 876 2756 3658 1287 177 2998 3307 100000 1861 2703 85 1441 1807 3780 3549 100000 2190 4787 100000 1635 1671 3774 4622 100000 497 3412 1955 100000 3335 1896 834 109 167 4915 4742 100000 3235 519 1453 2381 4342 100000 100000 4187 100000 
100000 274 1321 1517 100000 4205 2059 4350 378 3746 487 100000 100000 279 3568 1600 591 2727 100000 3862 3237 1598 3502 100000 4464 100000 3402 4544 2390 100000 4506 3301 2135 3876 100000 100000 535 2604 4746 2616 100000 100000 100000 1635 100000 1488 3273 307 3556 4139 100000 100000 100000 100000 987 100000 1312 3907 3292 931 2266 4632 725 100000 3852 1346 3453 4017 100000 860 
3615 2118 3636 3794 4444 3901 100000 100000 1438 3015 100000 100000 3469 2939 100000 2151 3522 4559 450 100000 157 100000 100000 3145 2886 1495 2058 100000 2283 2739 4200 4798 1157 1101 2669 3940 2639 3355 2179 4072 100000 100000 100000 1671 1488 100000 3394 100000 2359 100000 1028 1447 100000 4852 425 100000 696 100000 775 525 1256 3111 4281 2675 100 100000 2843 4228 1485 1647 
4596 1269 3000 2387 4812 2748 4637 3103 1055 2568 100000 3822 4543 100000 100000 1330 1217 583 4902 4462 100000 2885 4841 4232 1722 4900 1324 4466 1703 566 836 1737 4918 3109 100000 1783 699 2363 1079 4467 4842 2274 2621 3774 3273 3394 100000 2656 1927 2280 678 3511 2251 4104 100000 2799 4221 2140 100000 100000 2828 4766 100000 4014 100000 2507 100000 2779 100000 4282 
100000 1787 100000 4110 4986 2596 576 2141 2647 2313 3937 4660 3827 100000 2870 3509 4875 100000 1387 509 1698 100000 805 1753 2035 815 3785 3279 4358 703 3257 3351 640 3326 100000 2496 4796 100000 2395 799 100000 100000 2866 4622 307 100000 2656 100000 100000 3286 3098 100000 125 3474 3323 3223 4538 100000 1611 4893 3046 3034 314 100000 100000 2560 4851 1163 660 4797 
831 4631 2889 1230 981 100000 100000 100000 100000 100000 1298 4738 100000 1649 100000 257 2736 76 100000 100000 100000 4815 264 100000 1240 2565 100000 3637 2879 2709 391 100000 4709 4735 100000 4677 100000 3049 100000 915 3732 4040 100000 100000 3556 2359 1927 100000 100000 100000 4421 100000 3110 4309 2841 100000 100000 1015 313 558 803 2207 3305 990 100000 3613 3131 1828 2014 100000 
4734 2217 100000 598 4163 2553 2492 2447 4940 100000 2189 1537 2228 4268 447 985 100000 2693 1504 1853 4951 100000 3922 1389 2600 100000 4856 100000 1742 100000 3539 100000 3424 2466 100000 3608 100000 1666 3863 100000 2679 57 100000 497 4139 100000 2280 3286 100000 100000 100000 4439 1800 100000 2946 3089 3984 3857 27 4411 2628 1998 100000 1844 2697 3178 2759 1928 392 1624 
3493 100000 4701 100000 3564 2243 1614 4065 2034 1161 1191 443 575 2145 2894 3395 1886 100000 270 4933 1909 4013 1584 100000 100000 4146 949 912 3816 4067 4682 4791 2677 2268 3211 4422 2383 402 3784 4184 100000 100000 582 3412 100000 1028 678 3098 4421 100000 100000 1748 727 100000 100000 2909 100000 2187 3889 4397 4364 4837 780 1547 100000 4029 1307 2623 2125 3352 
100000 100000 3210 1653 100000 100000 3032 653 105 793 4345 100000 4887 3444 100000 100000 3567 100000 4224 3439 4923 100000 100000 1203 1291 4659 3481 4128 872 100000 100000 4537 2017 3191 3499 1569 1496 2124 100000 1155 3141 449 2508 1955 100000 1447 3511 100000 100000 4439 1748 100000 100000 3581 396 3712 3801 1865 100000 100000 2286 2065 4400 3826 3056 172 100000 1010 2039 100000 
117 844 4052 1351 193 3591 100000 4760 1136 4409 4857 1391 4484 100000 1041 100000 100000 100000 1813 3029 1818 100000 100000 4502 3743 2051 246 2684 1336 100000 1572 3898 2060 100000 470 100000 3979 3764 453 4215 4223 4862 1656 100000 100000 100000 2251 125 3110 1800 727 100000 100000 923 100000 540 111 2999 100000 3416 3925 2523 1958 3389 4695 1178 4672 3802 4396 4830 
1874 1811 100000 100000 3755 1410 100000 2838 456 3965 3013 93 3954 4094 37 1778 1370 1405 100000 3724 2653 1418 771 887 1347 100000 100000 1106 100000 3739 2007 100000 100000 100000 100000 100000 2090 3105 2892 829 100000 4477 4624 3335 100000 4852 4104 3474 4309 100000 100000 3581 923 100000 332 3199 3600 2518 2936 2633 100000 100000 463 3319 100000 100000 2277 103 100000 2003 
4836 1977 1486 4855 100000 4359 2901 100000 3467 100000 100000 100000 1720 100000 100000 3064 100000 100000 4483 2337 3196 4291 851 100000 1543 763 3312 2454 2230 3258 1634 4799 4532 993 100000 505 3518 100000 1118 100000 4058 3726 2634 1896 987 425 100000 3323 2841 2946 100000 396 100000 332 100000 3070 2732 100000 3341 1608 2057 4809 4946 444 1376 100000 100000 100000 2472 2544 
100000 100000 100000 4763 2023 1340 795 100000 100000 1498 1137 1419 100000 100000 3370 590 2329 743 1132 4216 1636 3085 100000 100000 160 2770 2575 100000 100000 3311 100000 847 549 100000 4861 3909 4952 548 4476 1039 2294 100000 4064 834 100000 100000 2799 3223 100000 3089 2909 3712 540 3199 3070 100000 1989 100000 939 3848 2049 100000 4962 100000 1542 4311 4619 100000 1854 1089 
100000 1268 1371 1147 1254 724 1916 2384 100000 2259 5 2211 100000 3376 1158 100000 1968 798 4542 2227 3997 3932 3148 166 1285 181 2917 2000 998 100000 2777 2369 100000 3605 241 100000 100000 1092 802 100000 100000 4211 100000 109 1312 696 4221 4538 100000 3984 100000 3801 111 3600 2732 1989 100000 100000 2108 161 4100 100000 4406 1407 748 100000 100000 2761 1553 4454 
3719 4480 1749 100000 642 207 982 2047 1093 4939 100000 2170 2423 4848 2325 100000 1969 100000 100000 4314 3188 1140 388 1187 2898 100000 100000 100000 2079 100000 100000 100000 4387 4822 100000 2847 1685 4869 4937 1013 2157 100000 3165 167 3907 100000 2140 100000 1015 3857 2187 1865 2999 2518 100000 100000 100000 100000 827 100000 4813 100000 3596 100000 2210 100000 3427 1887 100000 3100 
3845 787 100000 100000 4073 3628 1843 1393 100000 1602 4770 100000 659 2 3184 1534 140 100000 297 4151 2587 433 3458 644 2558 100000 100000 3625 4134 100000 4225 934 4260 1549 100000 100000 3740 100000 100000 2275 2810 3260 4317 4915 3292 775 100000 1611 313 27 3889 100000 100000 2936 3341 939 2108 827 100000 4683 1234 4499 527 408 100000 20 1076 100000 1244 100000 
3649 3773 100000 100000 2261 4265 100000 100000 593 3575 567 100000 4553 100000 100000 1288 2152 100000 1040 100000 4733 100000 1860 1489 41 100000 100000 100000 4417 4613 1657 3551 557 495 2882 4209 100000 100000 275 4610 3183 100000 3894 4742 931 525 100000 4893 558 4411 4397 100000 3416 2633 1608 3848 161 100000 4683 100000 2377 100000 100000 1350 4351 1760 1386 1832 4461 100000 
4523 1689 2750 3892 1966 2833 1467 15 2100 4612 100000 100000 3431 2069 100000 2764 4833 2993 100000 187 2297 4963 1882 3896 4667 4044 100000 1802 2503 100000 2530 1125 100000 742 100000 3189 100000 100000 1121 120 3647 4189 4565 100000 2266 1256 2828 3046 803 2628 4364 2286 3925 100000 2057 2049 4100 4813 1234 2377 100000 3634 3753 59 100000 693 100000 4601 100000 100000 
564 1352 1663 4993 2696 374 3470 3460 2111 100000 3265 4589 2234 100000 1862 1271 3354 100000 3819 100000 100000 100000 996 3385 2214 100000 4712 4707 100000 2094 769 3692 3058 3985 3485 1221 1615 100000 4276 3314 3106 3386 2547 3235 4632 3111 4766 3034 2207 1998 4837 2065 2523 100000 4809 100000 100000 100000 4499 100000 3634 100000 862 3398 100000 3992 3908 4577 4564 4876 
100000 2276 100000 100000 1433 100000 3090 3489 100000 364 4867 100000 2371 2867 1583 24 143 2594 100000 221 2273 100000 759 100000 2832 3627 1102 4726 337 2552 3161 3851 4496 3951 4068 100000 100000 100000 2690 100000 4305 100000 3623 519 725 4281 100000 314 3305 100000 780 4400 1958 463 4946 4962 4406 3596 527 100000 3753 862 100000 4166 100000 3544 277 3620 53 100000 
86 100000 119 100000 4522 3621 4492 2255 100000 3116 100000 4453 100000 2769 1355 4099 3166 3561 3744 4873 3348 3373 4916 730 2376 1492 913 100000 2570 669 3804 584 1949 1628 3483 100000 2615 4994 50 100000 4868 3418 4063 1453 100000 2675 4014 100000 990 1844 1547 3826 3389 3319 444 100000 1407 100000 408 1350 59 3398 4166 100000 1210 100000 4247 144 2087 1738 
772 686 4393 100000 100000 100000 4608 100000 100000 616 4807 100000 2416 906 4140 4217 809 2976 4835 4859 2482 100000 2562 3019 2968 2446 4438 2075 4465 100000 100000 100000 3464 100000 523 3834 100000 100000 3667 100000 100000 100000 331 2381 3852 100 100000 100000 100000 2697 100000 3056 4695 100000 1376 1542 748 2210 100000 4351 100000 100000 100000 1210 100000 1544 3503 1493 3668 100000 
100000 1185 3055 4803 878 683 1967 1864 3820 4693 100000 3461 907 1475 4020 4441 100000 100000 941 1933 922 4926 4369 3831 407 2019 100000 3092 1842 3707 3448 100000 100000 2062 358 100000 100000 100000 2180 3121 3520 100000 1812 4342 1346 100000 2507 2560 3613 3178 4029 172 1178 100000 100000 4311 100000 100000 20 1760 693 3992 3544 100000 1544 100000 365 2521 4547 1735 
100000 252 100000 624 675 2026 822 1149 2641 4021 100000 4705 2571 4137 4271 4243 1367 970 4638 3912 100000 1369 1090 100000 3775 4912 2859 1378 361 3415 3405 975 4380 4557 333 1579 630 100000 723 1954 2760 2780 100000 100000 3453 2843 100000 4851 3131 2759 1307 100000 4672 2277 100000 4619 100000 3427 1076 1386 100000 3908 277 4247 3503 365 100000 3738 545 100000 
100000 3545 100000 2391 2312 4136 2162 3170 100000 475 685 4219 4562 3665 2627 2773 2986 466 4170 833 100000 874 1678 100000 479 3327 4418 100000 451 1637 100000 100000 622 80 4204 2319 100000 838 3576 2303 3844 1880 100000 100000 4017 4228 2779 1163 1828 1928 2623 1010 3802 103 100000 100000 2761 1887 100000 1832 4601 4577 3620 144 1493 2521 3738 100000 100000 38 
4646 266 253 1667 3247 3742 1261 100000 1875 4914 3978 4250 100000 339 1652 2673 100000 261 1366 2612 4785 3748 382 3437 2916 1047 100000 1871 100000 1563 100000 100000 4326 2925 3277 1571 945 100000 4664 4954 4639 4945 3877 4187 100000 1485 100000 660 2014 392 2125 2039 4396 100000 2472 1854 1553 100000 1244 4461 100000 4564 53 2087 3668 4547 545 100000 100000 3065 
702 1539 1943 1940 158 2862 100000 4386 4621 100000 4154 3031 1894 1243 4179 299 3897 100000 218 4587 3434 2672 100000 1522 1588 1890 4757 100000 3094 100000 927 4903 4708 100000 4573 2405 2333 4570 2301 2683 100000 722 3036 100000 860 1647 4282 4797 100000 1624 3352 100000 4830 2003 2544 1089 4454 3100 100000 100000 100000 4876 100000 1738 100000 1735 100000 38 3065 100000 
