15
100000 105 95 169 25 158 69 83 121 45 172 100000 52 138 46 
105 100000 100000 155 200 100000 68 3 171 100000 100000 125 167 2 182 
95 100000 100000 9 100000 97 112 100000 165 100000 67 100000 39 4 37 
169 155 9 100000 100000 164 31 139 26 81 131 119 0 80 130 
25 200 100000 100000 100000 137 100000 98 100000 101 175 100000 100000 1 8 
158 100000 97 164 137 100000 100000 135 114 186 84 100000 178 110 16 
69 68 112 31 100000 100000 100000 53 168 6 32 100000 100000 145 146 
83 3 100000 139 98 135 53 100000 21 117 17 100000 65 129 50 
121 171 165 26 100000 114 168 21 100000 132 86 58 151 109 120 
45 100000 100000 81 101 186 6 117 132 100000 180 100000 64 61 70 
172 100000 67 131 175 84 32 17 86 180 100000 19 124 152 22 
100000 125 100000 119 100000 100000 100000 100000 58 100000 19 100000 13 35 94 
52 167 39 0 100000 178 100000 65 151 64 124 13 100000 183 18 
138 2 4 80 1 110 145 129 109 61 152 35 183 100000 100000 
46 182 37 130 8 16 146 50 120 70 22 94 18 100000 100000 
