18
100000 82 162 8 9 100000 35 100000 158 62 167 100000 38 119 96 86 61 156 
82 100000 197 100000 100000 33 100000 190 184 57 100000 112 131 118 124 1 100000 77 
162 197 100000 21 72 100000 195 150 30 100000 100000 172 26 100000 27 139 17 100000 
8 100000 21 100000 100000 100000 85 186 70 155 54 100000 29 183 11 129 177 100000 
9 100000 72 100000 100000 105 171 166 169 100000 31 41 145 39 165 13 104 67 
100000 33 100000 100000 105 100000 100000 175 138 75 64 100000 100000 144 99 188 120 140 
35 100000 195 85 171 100000 100000 100000 161 68 100000 100000 151 98 78 159 3 100000 
100000 190 150 186 166 175 100000 100000 153 187 100000 108 135 10 100000 157 100000 100000 
158 184 30 70 169 138 161 153 100000 0 179 100000 136 102 71 152 2 23 
62 57 100000 155 100000 75 68 187 0 100000 174 20 58 100000 100000 50 53 22 
167 100000 100000 54 31 64 100000 100000 179 174 100000 100000 4 59 185 100000 178 100000 
100000 112 172 100000 41 100000 100000 108 100000 20 100000 100000 182 137 173 100 111 73 
38 131 26 29 145 100000 151 135 136 58 4 182 100000 24 40 91 7 100000 
119 118 100000 183 39 144 98 10 102 100000 59 137 24 100000 134 12 121 28 
96 124 27 11 165 99 78 100000 71 100000 185 173 40 134 100000 100000 100000 181 
86 1 139 129 13 188 159 157 152 50 100000 100 91 12 100000 100000 141 100000 
61 100000 17 177 104 120 3 100000 2 53 178 111 7 121 100000 141 100000 123 
156 77 100000 100000 67 140 100000 100000 23 22 100000 73 100000 28 181 100000 123 100000 
