12
100000 100000 100000 25 99 143 144 17 2 200 125 129 
100000 100000 84 109 191 58 154 45 16 136 100000 18 
100000 84 100000 101 85 36 100000 9 40 197 158 118 
25 109 101 100000 41 100000 193 100000 162 183 110 32 
99 191 85 41 100000 83 100000 113 47 177 100000 100000 
143 58 36 100000 83 100000 100000 127 31 137 103 86 
144 154 100000 193 100000 100000 100000 8 65 81 68 100000 
17 45 9 100000 113 127 8 100000 151 19 164 106 
2 16 40 162 47 31 65 151 100000 100000 14 100000 
200 136 197 183 177 137 81 19 100000 100000 116 100000 
125 100000 158 110 100000 103 68 164 14 116 100000 155 
129 18 118 32 100000 86 100000 106 100000 100000 155 100000 
