16
100000 38 123 126 24 27 177 40 47 160 138 104 115 2 100000 100000 
38 100000 80 1 148 179 65 15 100000 98 100000 109 30 54 103 68 
123 80 100000 77 171 100 100000 116 175 87 106 13 121 118 134 84 
126 1 77 100000 111 100000 51 130 100000 156 35 157 82 100000 5 139 
24 148 171 111 100000 163 100000 63 3 76 199 39 100000 181 189 36 
27 179 100 100000 163 100000 100000 193 155 100000 172 70 100000 31 95 100000 
177 65 100000 51 100000 100000 100000 100000 100000 192 100000 23 16 100000 107 100000 
40 15 116 130 63 193 100000 100000 100000 194 100000 75 22 143 100000 183 
47 100000 175 100000 3 155 100000 100000 100000 200 162 102 78 146 129 100000 
160 98 87 156 76 100000 192 194 200 100000 32 190 57 100000 186 153 
138 100000 106 35 199 172 100000 100000 162 32 100000 100000 100000 56 137 125 
104 109 13 157 39 70 23 75 102 190 100000 100000 164 100000 49 7 
115 30 121 82 100000 100000 16 22 78 57 100000 164 100000 99 176 100000 
2 54 118 100000 181 31 100000 143 146 100000 56 100000 99 100000 90 100000 
100000 103 134 5 189 95 107 100000 129 186 137 49 176 90 100000 100000 
100000 68 84 139 36 100000 100000 183 100000 153 125 7 100000 100000 100000 100000 
