13
100000 143 114 100000 100000 145 169 119 44 194 100000 100000 100000 
143 100000 100000 42 6 175 24 100000 154 104 100000 46 177 
114 100000 100000 163 113 105 100000 100000 90 138 71 100000 100000 
100000 42 163 100000 133 189 100000 36 50 21 100 49 100000 
100000 6 113 133 100000 146 61 128 100000 75 184 14 103 
145 175 105 189 146 100000 81 100000 70 164 118 100000 108 
169 24 100000 100000 61 81 100000 160 157 99 129 96 100000 
119 100000 100000 36 128 100000 160 100000 136 100000 100000 185 100000 
44 154 90 50 100000 70 157 136 100000 29 1 34 51 
194 104 138 21 75 164 99 100000 29 100000 149 139 100000 
100000 100000 71 100 184 118 129 100000 1 149 100000 187 140 
100000 46 100000 49 14 100000 96 185 34 139 187 100000 62 
100000 177 100000 100000 103 108 100000 100000 51 100000 140 62 100000 
