80
100000 100000 4034 1173 2437 3176 4385 100000 279 3676 1810 180 606 895 428 907 100000 100000 1589 100000 100000 1772 3525 3554 1026 100000 3029 910 2513 913 3188 4589 3373 834 100000 100000 1833 2301 1426 100000 3328 2169 4416 2162 289 100000 4281 3900 1307 4391 65 100000 3061 548 4892 4066 4305 2245 3456 100000 2565 2464 2100 562 4005 4331 4423 100000 4910 100000 4538 100000 4820 2812 3682 970 851 2708 504 1669 
100000 100000 3284 1527 100000 3707 100000 100000 2381 1683 3919 4235 155 1038 308 100000 100 118 100000 100000 759 3227 4221 704 100000 4829 100000 2947 1382 3832 3001 4442 3221 4708 100000 672 2059 2023 754 2993 100000 1172 100000 2105 3835 4620 3756 100000 100000 218 4130 94 2658 3673 1951 758 3615 346 4471 100000 398 4576 1166 100000 100000 100000 100000 100000 4578 3567 100000 314 100000 100000 716 3653 2824 100000 4375 3108 
4034 3284 100000 100000 853 100000 2835 100000 3451 100000 100000 100000 3381 100000 100000 3418 100000 100000 100000 100000 2435 3092 2758 1926 4745 2395 4735 2036 619 100000 1451 4228 2700 4229 3515 2888 100000 4793 3983 149 100000 798 944 100000 1182 1913 100000 1422 764 3961 100000 2468 100000 100000 3270 3314 100000 2989 100000 4398 4516 4965 100000 2954 271 415 3949 4977 2744 2317 272 4987 3340 3102 1153 1235 1997 2608 488 4722 
1173 1527 100000 100000 2442 4984 1573 4085 100000 1750 2573 100000 4006 100000 1079 817 1914 100000 100000 1610 417 554 2267 100000 3805 809 3914 2903 4300 4840 100000 100000 100000 1656 2095 100000 3269 1060 100000 2591 2504 3387 2254 1823 3138 688 4511 658 3647 100000 3509 3560 100000 510 1275 100000 100000 100000 2450 600 4701 100000 1726 100000 326 4685 3169 795 4878 3869 2284 100000 58 4813 2392 100000 4056 1890 1136 3031 
2437 100000 853 2442 100000 4297 3093 167 829 100000 1478 100000 4129 246 340 3476 298 2443 902 2304 100000 4501 100000 3989 3466 100000 4094 437 100000 2221 74 100000 100000 1022 2345 3245 100000 513 1481 100000 2449 100000 100000 4174 2734 3523 2801 3620 818 1739 100000 961 2991 100000 4711 100000 3150 3126 112 1339 100000 2644 2483 3664 4603 3864 920 247 1229 892 100000 330 3243 2545 100000 4688 100000 4613 1703 3853 
3176 3707 100000 4984 4297 100000 769 2869 4284 1220 2217 959 100000 1072 3379 100000 100000 4157 957 2458 25 2750 100000 3848 3017 1003 100000 422 2628 3899 100000 1483 2548 100000 4979 1190 1899 283 4078 3675 2613 2401 248 100000 1228 1793 2087 2189 127 2339 3246 219 100000 1086 100000 3522 2497 100000 2002 918 3577 4035 100000 3655 1404 2214 592 3094 4704 100000 1650 100000 2386 450 2836 816 100000 2820 3598 100000 
4385 100000 2835 1573 3093 769 100000 4908 2228 100000 660 100000 1776 484 3995 100000 4646 2996 165 100000 1724 100000 3133 444 3750 1144 2311 4486 100000 3096 3541 1509 1047 2490 1557 3100 2551 301 100000 3862 2726 100000 3552 100000 100000 4412 674 3843 4046 100000 100000 1658 100000 1436 1219 2394 1699 2854 1941 3041 100000 100000 100000 100000 862 1910 100000 3187 352 100000 100000 3228 413 448 2030 1327 4477 4540 820 4465 
100000 100000 100000 4085 167 2869 4908 100000 3318 4610 3763 3372 100000 100000 2516 2283 3011 2367 100000 2818 3507 100000 3641 100000 4798 100000 4127 100000 3873 1202 409 100000 269 1530 4656 888 100000 1760 740 1681 100000 3090 1157 3740 2355 4850 90 900 4591 540 3402 2691 100000 2354 100000 3460 4000 445 2403 2501 1116 3146 100000 2085 3683 100000 2207 1874 37 100000 100000 100000 2643 99 3322 100000 2039 100000 1607 1196 
279 2381 3451 100000 829 4284 2228 3318 100000 1766 2720 168 100000 1931 4741 3857 4314 4614 2915 4303 100000 100000 100000 865 411 4985 515 3008 100000 3354 1953 2793 1594 100000 100000 3253 1482 4322 4143 28 2314 2012 300 2069 1337 1744 1288 100000 100000 21 1916 4496 4592 1763 1169 4737 53 100000 4986 1639 14 4146 100000 911 100000 4338 3453 100000 646 1377 3419 3294 1016 3046 1056 4990 2093 1374 3920 3386 
3676 1683 100000 1750 100000 1220 100000 4610 1766 100000 100000 4405 3587 3397 2756 2924 2906 4185 100000 968 3147 100000 1392 1294 100000 2860 100000 4164 3428 4895 1590 100000 1682 100000 1849 2076 4880 4439 480 2880 1402 1351 4088 100000 3826 3925 4086 100000 100000 172 100000 100000 100000 100000 100000 3258 3204 130 1308 1586 2526 4875 2777 4356 2146 2275 238 4406 3605 1794 2391 717 3699 3717 1475 1570 4395 524 100000 100000 
1810 3919 100000 2573 1478 2217 660 3763 2720 100000 100000 100000 100000 527 4250 1342 100000 100000 100000 3752 2348 100000 100000 3720 54 2109 2068 3791 100000 1567 2116 100000 119 2326 2244 100000 100000 2960 100000 100000 2829 4446 1956 3021 3403 4126 3543 1388 4851 223 3778 659 2739 100000 1155 560 2072 100000 1545 1209 100000 350 100000 100000 1283 100000 100000 3044 628 4180 1841 3963 100000 100000 1602 3581 100000 100000 1811 100000 
180 4235 100000 100000 100000 959 100000 3372 168 4405 100000 100000 100000 1968 2113 100000 497 3185 1559 3712 4418 3229 2870 34 2029 1584 3548 2387 100000 100000 2397 1021 1080 1571 100000 3343 2184 4328 3811 100000 802 4333 3305 328 100000 4769 100000 2028 100000 3876 1467 100000 4028 636 344 991 3579 627 4247 1236 1143 617 100000 4918 100000 668 100000 2668 4218 100000 514 100000 4045 4569 1847 100000 933 100000 3629 100000 
606 155 3381 4006 4129 100000 1776 100000 100000 3587 100000 100000 100000 1891 4346 1798 100000 100000 804 100000 3988 100000 2822 4355 100000 4280 100000 100000 70 731 1430 100000 100000 100000 1886 2923 100000 4695 3436 1068 100000 4175 614 100000 3614 100000 4325 1546 3037 100000 2047 4532 100000 100000 4153 1583 2843 2370 1662 100000 3068 100000 100000 4273 100000 1838 940 3095 1020 2966 1350 3580 1002 2975 100000 100000 1577 114 120 474 
895 1038 100000 100000 246 1072 484 100000 1931 3397 527 1968 1891 100000 100000 215 2479 4870 1924 100000 100000 4510 100000 469 100000 3978 100000 100000 100000 1043 4581 4784 2807 2112 3334 4102 2715 100000 1234 1185 726 3321 2875 812 2474 4992 2075 100000 100000 4928 4008 100000 4443 100000 260 2104 848 100000 2604 4771 4108 4999 100000 4732 1328 1147 1471 512 4083 100000 24 100000 100000 3898 1349 2186 3966 2467 4839 708 
428 308 100000 1079 340 3379 3995 2516 4741 2756 4250 2113 4346 100000 100000 1878 3769 1216 4047 209 3847 971 4105 1832 100000 887 3956 4666 100000 3493 100000 3473 2308 4560 1368 696 100000 1900 100000 4074 2183 3767 3162 100000 3588 2191 3743 2908 4776 3066 4033 4132 4995 100000 4845 4787 100000 2623 3875 100000 1971 193 100000 3153 100000 3840 3878 100000 898 1399 100000 3 3396 100000 2541 2402 1217 1638 100000 1603 
907 100000 3418 817 3476 100000 100000 2283 3857 2924 1342 100000 1798 215 1878 100000 2364 547 2768 2748 236 3564 3143 958 100000 1539 4011 2792 100000 100000 1356 100000 100000 100000 3912 4729 100000 100000 100000 3203 2412 100000 4609 1360 2019 100000 2476 1208 100000 3690 2718 928 100000 2859 2486 100000 3821 1435 100000 374 100000 2740 3385 4200 4288 100000 3332 100000 389 4309 3159 4023 100000 3976 1348 100000 100000 1231 2686 4916 
100000 100 100000 1914 298 100000 4646 3011 4314 2906 100000 497 100000 2479 3769 2364 100000 4394 3535 3057 4682 1694 100000 1591 1938 1470 2988 100000 2484 220 1078 663 100000 3985 100000 100000 2709 546 4687 2344 3803 100000 1313 100000 4468 100000 100000 4893 4810 977 2194 4738 3477 3895 632 4372 1046 40 100000 3202 2798 59 1008 100000 3981 4021 2071 2736 138 909 4902 774 440 100000 100000 4099 4075 3886 533 4195 
100000 118 100000 100000 2443 4157 2996 2367 4614 4185 100000 3185 100000 4870 1216 547 4394 100000 3908 1619 3260 2635 100000 1898 729 3351 3556 3938 2131 100000 2163 2528 2380 100000 100000 100000 4213 146 833 1768 402 4542 4557 100000 3022 3600 2842 3705 373 3851 1848 100000 100000 2523 590 3047 100000 2861 4904 2910 100000 360 1790 100000 4601 100000 645 100000 4025 1233 3241 1254 3772 4734 100000 1609 2430 100000 553 1376 
1589 100000 100000 100000 902 957 165 100000 2915 100000 100000 1559 804 1924 4047 2768 3535 3908 100000 3341 4681 100000 2427 3283 100000 12 100000 452 100000 1396 2904 2922 4879 4072 2451 2761 408 771 2602 2271 2202 4313 467 2064 100000 100000 1641 100000 3894 3906 100000 299 651 4264 1668 4063 931 2783 3265 3254 4452 582 100000 695 4805 56 100000 4566 783 100000 2372 3618 3922 100000 100000 3972 45 2482 4191 665 
100000 100000 100000 1610 2304 2458 100000 2818 4303 968 3752 3712 100000 100000 209 2748 3057 1619 3341 100000 100000 4731 3928 1554 4713 2757 855 3538 100000 16 2 2196 2601 4544 2166 226 4822 953 3377 100000 3815 100000 1246 288 100000 100000 100000 100000 4171 4113 100000 4625 3358 2882 2153 107 100000 3181 264 100000 2890 49 100000 4210 496 2520 4236 1160 4291 100000 2569 44 100000 4018 1515 100000 4316 2298 4773 1845 
100000 759 2435 417 100000 25 1724 3507 100000 3147 2348 4418 3988 100000 3847 236 4682 3260 4681 100000 100000 1614 100000 100000 225 4050 1070 100000 4494 2927 1519 803 100000 3880 1066 542 100000 100000 1568 100000 4302 3969 100000 4678 100000 3666 4853 100000 1883 3164 2939 1239 2656 3630 1460 100000 100000 2170 2135 1974 43 100000 100000 3355 534 4637 4736 3855 100000 2333 3383 100000 1124 1314 2429 4332 101 100000 4804 2590 
1772 3227 3092 554 4501 2750 100000 100000 100000 100000 100000 3229 100000 4510 971 3564 1694 2635 100000 4731 1614 100000 100000 2912 4886 100000 221 3218 100000 2070 530 1751 4441 1535 4358 3527 555 100000 4396 501 100000 100000 3817 2603 364 100000 100000 776 100000 579 100000 3018 2572 3367 1198 100000 2319 100000 100000 1757 1215 1204 230 100000 2111 1973 805 4655 3232 100000 1027 2593 2400 100000 4298 100000 2579 2266 3591 4663 
3525 4221 2758 2267 100000 100000 3133 3641 100000 1392 100000 2870 2822 100000 4105 3143 100000 100000 2427 3928 100000 100000 100000 100000 3854 3366 2948 100000 93 2514 3010 2895 2746 100000 2886 1329 30 3333 4549 3042 100000 847 3271 2982 100000 100000 2018 100000 68 1130 4031 3190 2897 1671 100000 229 1447 100000 3148 3485 595 76 100000 4140 489 3570 3680 1775 222 4334 2719 42 100000 4472 100000 2594 2828 2638 4109 405 
3554 704 1926 100000 3989 3848 444 100000 865 1294 3720 34 4355 469 1832 958 1591 1898 3283 1554 100000 2912 100000 100000 733 2292 2762 2549 100000 100000 1756 1654 1730 2648 2811 897 2727 2732 3172 100000 1387 100000 782 3434 3636 100000 3936 100000 1514 3841 2959 3141 2624 100000 100000 1205 3051 753 1449 4791 100000 1495 4901 100000 750 4197 2124 1512 3304 2779 2952 4653 2044 4964 2432 3766 1134 649 1064 1077 
1026 100000 4745 3805 3466 3017 3750 4798 411 100000 54 2029 100000 100000 100000 100000 1938 729 100000 4713 225 4886 3854 733 100000 100000 1993 2791 4408 1397 3498 2851 100000 100000 100000 100000 863 3802 3953 2160 3098 100000 100000 100000 100000 100000 2955 100000 3236 778 748 1882 1966 100000 1290 1814 2409 2062 442 100000 132 1660 1713 1749 4259 4680 181 2518 1716 602 1729 1192 100000 100000 100000 4725 1237 2241 3679 4162 
100000 4829 2395 809 100000 1003 1144 100000 4985 2860 2109 1584 4280 3978 887 1539 1470 3351 12 2757 4050 100000 3366 2292 100000 100000 691 200 2410 509 100000 3486 4993 100000 4856 100000 1876 100000 4217 2117 1083 4199 4270 584 893 1854 157 4800 1042 100000 1697 100000 2998 2674 82 1702 4115 824 100000 4160 3177 779 100000 100000 1796 3463 1665 100000 1291 3137 3443 100000 100000 1152 1788 720 3474 4743 4770 113 
3029 100000 4735 3914 4094 100000 2311 4127 515 100000 2068 3548 100000 100000 3956 4011 2988 3556 100000 855 1070 221 2948 2762 1993 691 100000 728 1741 3935 2659 3178 468 100000 178 2077 3209 1378 4413 100000 2606 100000 2978 48 100000 100000 4772 287 1889 2830 100000 3942 3996 4797 100000 11 4376 3240 4060 334 4049 3479 100000 100000 1501 3239 100000 4089 3741 100000 2416 3518 591 4775 1595 100000 3804 3986 473 100000 
910 2947 2036 2903 437 422 4486 100000 3008 4164 3791 2387 100000 100000 4666 2792 100000 3938 452 3538 100000 3218 100000 2549 2791 200 728 100000 4978 100000 3736 2925 3934 1820 1247 100000 3623 2588 9 4891 3315 3408 100000 1663 3151 4350 2876 532 1125 2469 1544 1547 1253 3167 4469 100000 1094 1331 100000 1450 3111 2605 2123 100000 100000 2557 100000 144 100000 3060 4073 1005 1398 3033 3116 915 100000 2825 2316 1487 
2513 1382 619 4300 100000 2628 100000 3873 100000 3428 100000 100000 70 100000 100000 100000 2484 2131 100000 100000 4494 100000 93 100000 4408 2410 1741 4978 100000 100000 100000 294 100000 2056 100000 100000 1856 343 4403 2764 2617 3449 4492 100000 945 2795 100000 4286 4945 1279 1629 100000 2574 1262 2586 1647 1117 2199 1944 4367 1019 2459 100000 2053 100000 282 4266 2684 569 2422 3594 100000 4841 1958 4882 100000 100000 100000 2542 214 
913 3832 100000 4840 2221 3899 3096 1202 3354 4895 1567 100000 731 1043 3493 100000 220 100000 1396 16 2927 2070 2514 100000 1397 509 3935 100000 100000 100000 4767 100000 588 100000 100000 3205 1061 1413 3399 2270 136 1764 2335 100000 100000 966 652 1242 100000 4457 4583 556 100000 100000 1456 670 4475 100000 3359 1425 1211 3417 2224 4550 2272 864 100000 100000 4573 4697 4387 1335 100000 4093 2855 2567 2871 100000 4453 100000 
3188 3001 1451 100000 74 100000 3541 409 1953 1590 2116 2397 1430 4581 100000 1356 1078 2163 2904 2 1519 530 3010 1756 3498 100000 2659 3736 100000 4767 100000 3149 2080 2001 1035 1548 2366 604 3670 1148 3698 100000 494 2678 2152 1505 3768 4779 3129 4016 100000 3430 100000 1318 128 100000 4097 3310 3669 401 654 4240 100000 1440 4951 4665 100000 3816 100000 608 2256 2832 1985 3872 4123 3191 2025 100000 934 297 
4589 4442 4228 100000 100000 1483 1509 100000 2793 100000 100000 1021 100000 4784 3473 100000 663 2528 2922 2196 803 1751 2895 1654 2851 3486 3178 2925 294 100000 3149 100000 100000 100000 100000 2140 3389 3551 2006 580 1135 3911 2472 4370 1504 1446 2250 4215 4949 4058 3800 152 1159 2760 3999 425 4623 3363 100000 3742 2005 100000 2622 100000 1977 1864 385 4825 4118 100000 1121 3027 2045 1897 2155 100000 100000 4809 1014 4668 
3373 3221 2700 100000 100000 2548 1047 269 1594 1682 119 1080 100000 2807 2308 100000 100000 2380 4879 2601 100000 4441 2746 1730 100000 4993 468 3934 100000 588 2080 100000 100000 801 625 323 100000 4922 1510 100000 306 100000 100000 3152 100000 3708 2626 100000 2346 2950 100000 2632 4948 2657 906 2752 4310 378 2725 100000 4134 2303 890 507 1525 2049 837 1057 4817 1925 550 100000 4368 31 1732 100000 435 100000 100000 3222 
834 4708 4229 1656 1022 100000 2490 1530 100000 100000 2326 1571 100000 2112 4560 100000 3985 100000 4072 4544 3880 1535 100000 2648 100000 100000 100000 1820 2056 100000 2001 100000 801 100000 100000 4699 4727 4275 1762 3302 100000 1459 4677 100000 4622 1779 2457 2419 1999 2359 4272 100000 100000 100000 1041 1111 2653 2983 1427 4900 1407 4672 100000 4380 100000 139 1866 4929 3019 2652 100000 4855 400 4192 4611 4251 349 100000 100000 3718 
100000 100000 3515 2095 2345 4979 1557 4656 100000 1849 2244 100000 1886 3334 1368 3912 100000 100000 2451 2166 1066 4358 2886 2811 100000 4856 178 1247 100000 100000 1035 100000 625 100000 100000 100000 211 2209 2351 2158 100000 3930 100000 100000 999 100000 854 3689 3195 1503 899 860 2130 3446 3902 154 439 100000 2181 100000 100000 3056 100000 2819 1104 4029 4429 4710 4301 2671 3004 100000 4877 3722 3330 831 4920 2721 100000 100000 
100000 672 2888 100000 3245 1190 3100 888 3253 2076 100000 3343 2923 4102 696 4729 100000 100000 2761 226 542 3527 1329 897 100000 100000 2077 100000 100000 3205 1548 2140 323 4699 100000 100000 1458 1363 3040 100000 100000 3458 4258 1101 1280 81 4651 100000 100000 3469 822 3439 3478 100000 4490 4696 2786 472 100000 2687 4002 1986 1998 100000 2625 1988 3668 1383 100000 2539 699 100000 100000 3082 100000 4924 2937 1932 100000 1543 
1833 2059 100000 3269 100000 1899 2551 100000 1482 4880 100000 2184 100000 2715 100000 100000 2709 4213 408 4822 100000 555 30 2727 863 1876 3209 3623 1856 1061 2366 3389 100000 4727 211 1458 100000 1967 100000 100000 100000 2667 4861 100000 100000 100000 568 187 3987 3410 100000 100000 2901 2300 4390 100000 100000 4084 2454 100000 1753 100000 224 1969 100000 511 4915 2357 100000 4163 1657 2260 980 100000 3196 3628 100000 3773 100000 1599 
2301 2023 4793 1060 513 283 301 1760 4322 4439 2960 4328 4695 100000 1900 100000 546 146 771 953 100000 100000 3333 2732 3802 100000 1378 2588 343 1413 604 3551 4922 4275 2209 1363 1967 100000 2553 3194 100000 2252 4957 1852 100000 3364 100000 100000 1325 3686 2460 4524 100000 100000 1419 3400 100000 3941 100000 2239 2775 4194 1644 2794 1565 2054 2774 100000 570 100000 3144 2074 100000 2670 4255 2258 3306 1415 3937 100000 
1426 754 3983 100000 1481 4078 100000 740 4143 480 100000 3811 3436 1234 100000 100000 4687 833 2602 3377 1568 4396 4549 3172 3953 4217 4413 9 4403 3399 3670 2006 1510 1762 2351 3040 100000 2553 100000 4806 100000 3896 4032 1055 3558 2701 4831 3357 100000 4898 2767 4629 4061 368 1701 3557 1151 100000 100000 3892 3612 100000 1491 100000 2441 3165 529 1795 100000 100000 100000 2340 3481 757 4801 647 1168 210 1991 4246 
100000 2993 149 2591 100000 3675 3862 1681 28 2880 100000 100000 1068 1185 4074 3203 2344 1768 2271 100000 100000 501 3042 100000 2160 2117 100000 4891 2764 2270 1148 580 100000 3302 2158 100000 100000 3194 4806 100000 1738 100000 3637 100000 100000 1600 4649 1824 100000 4119 839 4973 46 1326 4890 4808 100000 100000 2552 100000 100000 1439 3711 3513 4505 454 4424 100000 2341 4020 4155 100000 3345 355 481 873 734 100000 2872 3586 
3328 100000 100000 2504 2449 2613 2726 100000 2314 1402 2829 802 100000 726 2183 2412 3803 402 2202 3815 4302 100000 100000 1387 3098 1083 2606 3315 2617 136 3698 1135 306 100000 100000 100000 100000 100000 100000 1738 100000 7 840 100000 100000 436 100000 3921 100000 1030 100000 100000 2197 1025 1942 471 83 2942 100000 100000 100000 1725 4150 100000 3786 100000 4790 5000 4205 2452 100000 1366 2800 806 4958 2858 100000 3731 2735 607 
2169 1172 798 3387 100000 2401 100000 3090 2012 1351 4446 4333 4175 3321 3767 100000 100000 4542 4313 100000 3969 100000 847 100000 100000 4199 100000 3408 3449 1764 100000 3911 100000 1459 3930 3458 2667 2252 3896 100000 7 100000 2365 1001 3799 682 100000 4514 4600 2676 2090 1754 2723 3790 1917 403 100000 1906 39 100000 4341 100000 2619 100000 1508 1214 100000 175 2048 100000 164 1158 1417 150 267 3105 2697 100000 4755 100000 
4416 100000 944 2254 100000 248 3552 1157 300 4088 1956 3305 614 2875 3162 4609 1313 4557 467 1246 100000 3817 3271 782 100000 4270 2978 100000 4492 2335 494 2472 100000 4677 100000 4258 4861 4957 4032 3637 840 2365 100000 100000 4954 183 1045 2046 3991 4654 2086 1477 3266 1983 857 3923 1617 1806 1486 4633 819 1067 3494 2024 100000 1320 2866 1126 100000 3950 4138 100000 100000 100000 100000 3238 3233 653 100000 100000 
2162 2105 100000 1823 4174 100000 100000 3740 2069 100000 3021 328 100000 812 100000 1360 100000 100000 2064 288 4678 2603 2982 3434 100000 584 48 1663 100000 100000 2678 4370 3152 100000 100000 1101 100000 1852 1055 100000 100000 1001 100000 100000 100000 231 3368 100000 1980 4684 1981 3406 1013 100000 3537 100000 1424 1710 746 985 516 2945 100000 2088 100000 777 2079 676 3107 2444 4599 4989 1445 528 100000 1389 2011 2846 3467 3025 
289 3835 1182 3138 2734 1228 100000 2355 1337 3826 3403 100000 3614 2474 3588 2019 4468 3022 100000 100000 100000 364 100000 3636 100000 893 100000 3151 945 100000 2152 1504 100000 4622 999 1280 100000 100000 3558 100000 100000 3799 4954 100000 100000 4937 2694 950 100000 100000 100000 100000 1927 4715 100000 4624 3252 100000 2222 341 4010 3563 4897 235 1919 392 125 100000 943 4931 1496 3808 2679 1673 680 1892 100000 561 3201 2509 
100000 4620 1913 688 3523 1793 4412 4850 1744 3925 4126 4769 100000 4992 2191 100000 100000 3600 100000 100000 3666 100000 100000 100000 100000 1854 100000 4350 2795 966 1505 1446 3708 1779 100000 81 100000 3364 2701 1600 436 682 183 231 4937 100000 914 100000 1044 4971 88 100000 3433 2242 3014 633 2530 485 1434 4321 1714 100000 3646 100000 2334 456 2374 191 100000 258 1992 4482 4393 2082 100000 1431 1122 2371 1340 4487 
4281 3756 100000 4511 2801 2087 674 90 1288 4086 3543 100000 4325 2075 3743 2476 100000 2842 1641 100000 4853 100000 2018 3936 2955 157 4772 2876 100000 652 3768 2250 2626 2457 854 4651 568 100000 4831 4649 100000 100000 1045 3368 2694 914 100000 3521 100000 3128 4956 2037 100000 3604 2141 100000 844 830 100000 3571 100000 1391 1707 100000 2527 551 788 1737 4988 100000 4579 2487 3404 100000 100000 997 1114 4037 100000 1468 
3900 100000 1422 658 3620 2189 3843 900 100000 100000 1388 2028 1546 100000 2908 1208 4893 3705 100000 100000 100000 776 100000 100000 100000 4800 287 532 4286 1242 4779 4215 100000 2419 3689 100000 187 100000 3357 1824 3921 4514 2046 100000 950 100000 3521 100000 2753 142 4271 100000 1096 4794 100000 347 1604 3691 100000 2330 1627 2692 1259 4933 100000 2315 1299 1502 100000 979 1257 4980 3640 4508 880 2891 3510 57 1685 4705 
1307 100000 764 3647 818 127 4046 4591 100000 100000 4851 100000 3037 100000 4776 100000 4810 373 3894 4171 1883 100000 68 1514 3236 1042 1889 1125 4945 100000 3129 4949 2346 1999 3195 100000 3987 1325 100000 100000 100000 4600 3991 1980 100000 1044 100000 2753 100000 3709 1620 100000 1516 1905 1523 4503 4409 1006 100000 3694 490 2911 1989 3871 1251 100000 2637 4434 1225 3544 199 2008 3166 4015 4276 692 667 1081 4340 100000 
4391 218 3961 100000 1739 2339 100000 540 21 172 223 3876 100000 4928 3066 3690 977 3851 3906 4113 3164 579 1130 3841 778 100000 2830 2469 1279 4457 4016 4058 2950 2359 1503 3469 3410 3686 4898 4119 1030 2676 4654 4684 100000 4971 3128 142 3709 100000 3955 100000 2398 100000 3412 339 100000 765 100000 1107 1469 4161 1784 3948 3163 100000 100000 2933 406 3834 3592 1420 557 3470 4619 4170 4906 100000 2259 4392 
65 4130 100000 3509 100000 3246 100000 3402 1916 100000 3778 1467 2047 4008 4033 2718 2194 1848 100000 100000 2939 100000 4031 2959 748 1697 100000 1544 1629 4583 100000 3800 100000 4272 899 822 100000 2460 2767 839 100000 2090 2086 1981 100000 88 4956 4271 1620 3955 100000 2543 598 3960 589 100000 325 3877 3617 3106 100000 3234 3572 3606 100000 1102 100000 100000 3006 4533 882 3312 100000 4324 100000 36 559 100000 100000 100000 
100000 94 2468 3560 961 219 1658 2691 4496 100000 659 100000 4532 100000 4132 928 4738 100000 299 4625 1239 3018 3190 3141 1882 100000 3942 1547 100000 556 3430 152 2632 100000 860 3439 100000 4524 4629 4973 100000 1754 1477 3406 100000 100000 2037 100000 100000 100000 2543 100000 3517 1412 2532 4036 1718 3801 3292 2639 4562 464 4517 709 500 100000 1687 4449 100000 100000 990 2699 4559 100000 2856 4166 983 1497 100000 100000 
3061 2658 100000 100000 2991 100000 100000 100000 4592 100000 2739 4028 100000 4443 4995 100000 3477 100000 651 3358 2656 2572 2897 2624 1966 2998 3996 1253 2574 100000 100000 1159 4948 100000 2130 3478 2901 100000 4061 46 2197 2723 3266 1013 1927 3433 100000 1096 1516 2398 598 3517 100000 2352 4830 3086 1623 2582 6 2470 3415 111 4248 197 2796 613 204 1264 100000 666 404 100000 100000 100000 1746 100000 2570 100000 3275 1226 
548 3673 100000 510 100000 1086 1436 2354 1763 100000 100000 636 100000 100000 100000 2859 3895 2523 4264 2882 3630 3367 1671 100000 100000 2674 4797 3167 1262 100000 1318 2760 2657 100000 3446 100000 2300 100000 368 1326 1025 3790 1983 100000 4715 2242 3604 4794 1905 100000 3960 1412 2352 100000 3461 3508 1920 4846 2887 2296 2517 100000 100000 3110 1862 4497 791 416 951 4558 655 2600 232 100000 2529 3326 100000 4410 4847 4411 
4892 1951 3270 1275 4711 100000 1219 100000 1169 100000 1155 344 4153 260 4845 2486 632 590 1668 2153 1460 1198 100000 100000 1290 82 100000 4469 2586 1456 128 3999 906 1041 3902 4490 4390 1419 1701 4890 1942 1917 857 3537 100000 3014 2141 100000 1523 3412 589 2532 4830 3461 100000 2225 100000 100000 100000 1009 303 1416 100000 100000 1972 100000 3097 937 2143 100000 100000 4057 100000 100000 722 927 1537 4927 3713 2473 
4066 758 3314 100000 100000 3522 2394 3460 4737 3258 560 991 1583 2104 4787 100000 4372 3047 4063 107 100000 100000 229 1205 1814 1702 11 100000 1647 670 100000 425 2752 1111 154 4696 100000 3400 3557 4808 471 403 3923 100000 4624 633 100000 347 4503 339 100000 4036 3086 3508 2225 100000 2176 4749 4144 3155 1807 2060 100000 278 711 698 749 3272 1074 3171 2865 612 3327 4479 793 836 3242 100000 3810 3975 
4305 3615 100000 100000 3150 2497 1699 4000 53 3204 2072 3579 2843 848 100000 3821 1046 100000 931 100000 100000 2319 1447 3051 2409 4115 4376 1094 1117 4475 4097 4623 4310 2653 439 2786 100000 100000 1151 100000 83 100000 1617 1424 3252 2530 844 1604 4409 100000 325 1718 1623 1920 100000 2176 100000 100000 3747 4382 3230 1177 18 100000 100000 100000 4493 3945 100000 100000 64 1767 2919 828 100000 2918 1558 2167 4330 100000 
2245 346 2989 100000 3126 100000 2854 445 100000 130 100000 627 2370 100000 2623 1435 40 2861 2783 3181 2170 100000 100000 753 2062 824 3240 1331 2199 100000 3310 3363 378 2983 100000 472 4084 3941 100000 100000 2942 1906 1806 1710 100000 485 830 3691 1006 765 3877 3801 2582 4846 100000 4749 100000 100000 930 1271 4969 100000 1343 100000 1244 2232 2178 447 281 100000 173 317 2555 1976 2147 100000 1127 52 100000 2174 
3456 4471 100000 2450 112 2002 1941 2403 4986 1308 1545 4247 1662 2604 3875 100000 100000 4904 3265 264 2135 100000 3148 1449 442 100000 4060 100000 1944 3359 3669 100000 2725 1427 2181 100000 2454 100000 100000 2552 100000 39 1486 746 2222 1434 100000 100000 100000 100000 3617 3292 6 2887 100000 4144 3747 930 100000 100000 121 3910 678 2118 4740 1761 1097 100000 3303 100000 100000 3566 536 1827 3193 4925 4137 100000 879 2269 
100000 100000 4398 600 1339 918 3041 2501 1639 1586 1209 1236 100000 4771 100000 374 3202 2910 3254 100000 1974 1757 3485 4791 100000 4160 334 1450 4367 1425 401 3742 100000 4900 100000 2687 100000 2239 3892 100000 100000 100000 4633 985 341 4321 3571 2330 3694 1107 3106 2639 2470 2296 1009 3155 4382 1271 100000 100000 4478 1836 1909 811 100000 100000 4125 153 4042 134 2809 1227 2630 3807 100000 3633 100000 100000 100000 4289 
2565 398 4516 4701 100000 3577 100000 1116 14 2526 100000 1143 3068 4108 1971 100000 2798 100000 4452 2890 43 1215 595 100000 132 3177 4049 3111 1019 1211 654 2005 4134 1407 100000 4002 1753 2775 3612 100000 100000 4341 819 516 4010 1714 100000 1627 490 1469 100000 4562 3415 2517 303 1807 3230 4969 121 4478 100000 2393 2067 2247 4865 100000 1167 100000 2125 3448 3645 1782 100000 1309 3610 1128 1869 4167 755 3465 
2464 4576 4965 100000 2644 4035 100000 3146 4146 4875 350 617 100000 4999 193 2740 59 360 582 49 100000 1204 76 1495 1660 779 3479 2605 2459 3417 4240 100000 2303 4672 3056 1986 100000 4194 100000 1439 1725 100000 1067 2945 3563 100000 1391 2692 2911 4161 3234 464 111 100000 1416 2060 1177 100000 3910 1836 2393 100000 2781 3062 916 3754 3034 3927 3015 3160 2524 637 4823 3716 4758 4944 3761 2445 4352 100000 
2100 1166 100000 1726 2483 100000 100000 100000 100000 2777 100000 100000 100000 100000 100000 3385 1008 1790 100000 100000 100000 230 100000 4901 1713 100000 100000 2123 100000 2224 100000 2622 890 100000 100000 1998 224 1644 1491 3711 4150 2619 3494 100000 4897 3646 1707 1259 1989 1784 3572 4517 4248 100000 100000 100000 18 1343 678 1909 2067 2781 100000 4026 1736 1640 4287 4038 4871 2310 988 100000 100000 100000 100000 4282 2496 1661 3704 3753 
562 100000 2954 100000 3664 3655 100000 2085 911 4356 100000 4918 4273 4732 3153 4200 100000 100000 695 4210 3355 100000 4140 100000 1749 100000 100000 100000 2053 4550 1440 100000 507 4380 2819 100000 1969 2794 100000 3513 100000 100000 2024 2088 235 100000 100000 4933 3871 3948 3606 709 197 3110 100000 278 100000 100000 2118 811 2247 3062 4026 100000 3388 2621 2358 3885 100000 2173 2831 100000 100000 2724 2220 4294 100000 100000 3158 4783 
4005 100000 271 326 4603 1404 862 3683 100000 2146 1283 100000 100000 1328 100000 4288 3981 4601 4805 496 534 2111 489 750 4259 1796 1501 100000 100000 2272 4951 1977 1525 100000 1104 2625 100000 1565 2441 4505 3786 1508 100000 100000 1919 2334 2527 100000 1251 3163 100000 500 2796 1862 1972 711 100000 1244 4740 100000 4865 916 1736 3388 100000 1618 861 163 2972 3849 1684 100000 1743 1875 3009 2280 2200 1395 3320 1708 
4331 100000 415 4685 3864 2214 1910 100000 4338 2275 100000 668 1838 1147 3840 100000 4021 100000 56 2520 4637 1973 3570 4197 4680 3463 3239 2557 282 864 4665 1864 2049 139 4029 1988 511 2054 3165 454 100000 1214 1320 777 392 456 551 2315 100000 100000 1102 100000 613 4497 100000 698 100000 2232 1761 100000 100000 3754 1640 2621 1618 100000 2466 148 100000 100000 100000 100000 100000 4417 3504 4565 693 4519 4721 1771 
4423 100000 3949 3169 920 592 100000 2207 3453 238 100000 100000 940 1471 3878 3332 2071 645 100000 4236 4736 805 3680 2124 181 1665 100000 100000 4266 100000 100000 385 837 1866 4429 3668 4915 2774 529 4424 4790 100000 2866 2079 125 2374 788 1299 2637 100000 100000 1687 204 791 3097 749 4493 2178 1097 4125 1167 3034 4287 2358 861 2466 100000 100000 4529 1867 92 4593 1578 4872 2206 4778 1249 100000 4176 4467 
100000 100000 4977 795 247 3094 3187 1874 100000 4406 3044 2668 3095 512 100000 100000 2736 100000 4566 1160 3855 4655 1775 1512 2518 100000 4089 144 2684 100000 3816 4825 1057 4929 4710 1383 2357 100000 1795 100000 5000 175 1126 676 100000 191 1737 1502 4434 2933 100000 4449 1264 416 937 3272 3945 447 100000 153 100000 3927 4038 3885 163 148 100000 100000 4884 1943 100000 2061 2780 4716 792 4554 2847 2689 993 100000 
4910 4578 2744 4878 1229 4704 352 37 646 3605 628 4218 1020 4083 898 389 138 4025 783 4291 100000 3232 222 3304 1716 1291 3741 100000 569 4573 100000 4118 4817 3019 4301 100000 100000 570 100000 2341 4205 2048 100000 3107 943 100000 4988 100000 1225 406 3006 100000 100000 951 2143 1074 100000 281 3303 4042 2125 3015 4871 100000 2972 100000 4529 4884 100000 3780 100000 3625 2362 100000 100000 2134 1792 1286 1704 100000 
100000 3567 2317 3869 892 100000 100000 100000 1377 1794 4180 100000 2966 100000 1399 4309 909 1233 100000 100000 2333 100000 4334 2779 602 3137 100000 3060 2422 4697 608 100000 1925 2652 2671 2539 4163 100000 100000 4020 2452 100000 3950 2444 4931 258 100000 979 3544 3834 4533 100000 666 4558 100000 3171 100000 100000 100000 134 3448 3160 2310 2173 3849 100000 1867 1943 3780 100000 316 1371 1273 156 1362 100000 700 10 1605 110 
4538 100000 272 2284 100000 1650 100000 100000 3419 2391 1841 514 1350 24 100000 3159 4902 3241 2372 2569 3383 1027 2719 2952 1729 3443 2416 4073 3594 4387 2256 1121 550 100000 3004 699 1657 3144 100000 4155 100000 164 4138 4599 1496 1992 4579 1257 199 3592 882 990 404 655 100000 2865 64 173 100000 2809 3645 2524 988 2831 1684 100000 92 100000 100000 316 100000 1526 1129 4189 780 2481 702 3316 100000 4100 
100000 314 4987 100000 330 100000 3228 100000 3294 717 3963 100000 3580 100000 3 4023 774 1254 3618 44 100000 2593 42 4653 1192 100000 3518 1005 100000 1335 2832 3027 100000 4855 100000 100000 2260 2074 2340 100000 1366 1158 100000 4989 3808 4482 2487 4980 2008 1420 3312 2699 100000 2600 4057 612 1767 317 3566 1227 1782 637 100000 100000 100000 100000 4593 2061 3625 1371 1526 100000 3685 2051 2636 4555 100000 3542 100000 3883 
4820 100000 3340 58 3243 2386 413 2643 1016 3699 100000 4045 1002 100000 3396 100000 440 3772 3922 100000 1124 2400 100000 2044 100000 100000 591 1398 4841 100000 1985 2045 4368 400 4877 100000 980 100000 3481 3345 2800 1417 100000 1445 2679 4393 3404 3640 3166 557 100000 4559 100000 232 100000 3327 2919 2555 536 2630 100000 4823 100000 100000 1743 100000 1578 2780 2362 1273 1129 3685 100000 252 3420 2389 1285 725 3651 2277 
2812 100000 3102 4813 2545 450 448 99 3046 3717 100000 4569 2975 3898 100000 3976 100000 4734 100000 4018 1314 100000 4472 4964 100000 1152 4775 3033 1958 4093 3872 1897 31 4192 3722 3082 100000 2670 757 355 806 150 100000 528 1673 2082 100000 4508 4015 3470 4324 100000 100000 100000 100000 4479 828 1976 1827 3807 1309 3716 100000 2724 1875 4417 4872 4716 100000 156 4189 2051 252 100000 116 100000 100000 4349 100000 3053 
3682 716 1153 2392 100000 2836 2030 3322 1056 1475 1602 1847 100000 1349 2541 1348 100000 100000 100000 1515 2429 4298 100000 2432 100000 1788 1595 3116 4882 2855 4123 2155 1732 4611 3330 100000 3196 4255 4801 481 4958 267 100000 100000 680 100000 100000 880 4276 4619 100000 2856 1746 2529 722 793 100000 2147 3193 100000 3610 4758 100000 2220 3009 3504 2206 792 100000 1362 780 2636 3420 116 100000 100000 1312 100000 2177 4364 
970 3653 1235 100000 4688 816 1327 100000 4990 1570 3581 100000 100000 2186 2402 100000 4099 1609 3972 100000 4332 100000 2594 3766 4725 720 100000 915 100000 2567 3191 100000 100000 4251 831 4924 3628 2258 647 873 2858 3105 3238 1389 1892 1431 997 2891 692 4170 36 4166 100000 3326 927 836 2918 100000 4925 3633 1128 4944 4282 4294 2280 4565 4778 4554 2134 100000 2481 4555 2389 100000 100000 100000 747 2788 640 3124 
851 2824 1997 4056 100000 100000 4477 2039 2093 4395 100000 933 1577 3966 1217 100000 4075 2430 45 4316 101 2579 2828 1134 1237 3474 3804 100000 100000 2871 2025 100000 435 349 4920 2937 100000 3306 1168 734 100000 2697 3233 2011 100000 1122 1114 3510 667 4906 559 983 2570 100000 1537 3242 1558 1127 4137 100000 1869 3761 2496 100000 2200 693 1249 2847 1792 700 702 100000 1285 100000 1312 747 100000 2970 4650 2331 
2708 100000 2608 1890 4613 2820 4540 100000 1374 524 100000 100000 114 2467 1638 1231 3886 100000 2482 2298 100000 2266 2638 649 2241 4743 3986 2825 100000 100000 100000 4809 100000 100000 2721 1932 3773 1415 210 100000 3731 100000 653 2846 561 2371 4037 57 1081 100000 100000 1497 100000 4410 4927 100000 2167 52 100000 100000 4167 2445 1661 100000 1395 4519 100000 2689 1286 10 3316 3542 725 4349 100000 2788 2970 100000 1300 1569 
504 4375 488 1136 1703 3598 820 1607 3920 100000 1811 3629 120 4839 100000 2686 533 553 4191 4773 4804 3591 4109 1064 3679 4770 473 2316 2542 4453 934 1014 100000 100000 100000 100000 100000 3937 1991 2872 2735 4755 100000 3467 3201 1340 100000 1685 4340 2259 100000 100000 3275 4847 3713 3810 4330 100000 879 100000 755 4352 3704 3158 3320 4721 4176 993 1704 1605 100000 100000 3651 100000 2177 640 4650 1300 100000 2850 
1669 3108 4722 3031 3853 100000 4465 1196 3386 100000 100000 100000 474 708 1603 4916 4195 1376 665 1845 2590 4663 405 1077 4162 113 100000 1487 214 100000 297 4668 3222 3718 100000 1543 1599 100000 4246 3586 607 100000 100000 3025 2509 4487 1468 4705 100000 4392 100000 100000 1226 4411 2473 3975 100000 2174 2269 4289 3465 100000 3753 4783 1708 1771 4467 100000 100000 110 4100 3883 2277 3053 4364 3124 2331 1569 2850 100000 
