10
100000 48 56 100000 35 8 49 7 36 63 
48 100000 4 0 59 42 75 70 52 68 
56 4 100000 15 76 62 54 100000 96 13 
100000 0 15 100000 3 100000 100000 34 100000 55 
35 59 76 3 100000 100000 9 57 100000 66 
8 42 62 100000 100000 100000 100000 5 88 100000 
49 75 54 100000 9 100000 100000 93 45 86 
7 70 100000 34 57 5 93 100000 100000 33 
36 52 96 100000 100000 88 45 100000 100000 24 
63 68 13 55 66 100000 86 33 24 100000 
